number,value,datetime_start,datetime_complete,duration,params_bag_n_estimators,params_dt_max_depth,params_dt_min_samples_split,params_elastic_alpha,params_elastic_l1_ratio,params_et_max_depth,params_et_min_samples_split,params_et_n_estimators,params_gpr_alpha,params_knn_metric,params_knn_n_neighbors,params_knn_weights,params_regressor,params_rf_max_depth,params_rf_min_samples_split,params_rf_n_estimators,params_rfe_n_features,params_rfe_proxy_et_max_depth,params_rfe_proxy_et_min_samples_split,params_rfe_proxy_et_n_estimators,params_rfe_proxy_svc_C,params_rfe_proxy_type,params_ridge_alpha,params_ridge_solver,params_stack_final_estimator,params_svr_C,params_svr_degree,params_svr_epsilon,params_svr_gamma,params_svr_kernel,params_use_scaler,user_attrs_d2mae_ci_lower_val,user_attrs_d2mae_ci_upper_val,user_attrs_d2mae_df_val,user_attrs_d2mae_mean_val,user_attrs_d2mae_samperror_val,user_attrs_d2mae_std_val,user_attrs_d2mae_t_critical_val,user_attrs_mae_ci_lower_val,user_attrs_mae_ci_upper_val,user_attrs_mae_df_val,user_attrs_mae_mean_val,user_attrs_mae_samperror_val,user_attrs_mae_std_val,user_attrs_mae_t_critical_val,user_attrs_mape_ci_lower_val,user_attrs_mape_ci_upper_val,user_attrs_mape_df_val,user_attrs_mape_mean_val,user_attrs_mape_samperror_val,user_attrs_mape_std_val,user_attrs_mape_t_critical_val,user_attrs_max_error_ci_lower_val,user_attrs_max_error_ci_upper_val,user_attrs_max_error_df_val,user_attrs_max_error_mean_val,user_attrs_max_error_samperror_val,user_attrs_max_error_std_val,user_attrs_max_error_t_critical_val,user_attrs_median_ae_ci_lower_val,user_attrs_median_ae_ci_upper_val,user_attrs_median_ae_df_val,user_attrs_median_ae_mean_val,user_attrs_median_ae_samperror_val,user_attrs_median_ae_std_val,user_attrs_median_ae_t_critical_val,user_attrs_n_splits_val,user_attrs_r2_below_zero_val,user_attrs_r2_ci_lower_val,user_attrs_r2_ci_upper_val,user_attrs_r2_df_val,user_attrs_r2_mean_val,user_attrs_r2_samperror_val,user_attrs_r2_std_val,user_attrs_r2_t_critical_val,user_attrs_regressor_final,user_attrs_rfe_clf,user_attrs_rfe_n_features,user_attrs_rfe_selected_features,user_attrs_rho_ci_lower_val,user_attrs_rho_ci_upper_val,user_attrs_rho_df_val,user_attrs_rho_mean_val,user_attrs_rho_samperror_val,user_attrs_rho_std_val,user_attrs_rho_t_critical_val,user_attrs_rmse_ci_lower_val,user_attrs_rmse_ci_upper_val,user_attrs_rmse_df_val,user_attrs_rmse_mean_val,user_attrs_rmse_samperror_val,user_attrs_rmse_std_val,user_attrs_rmse_t_critical_val,user_attrs_termination_reason,user_attrs_use_scaler_final,state
0,1.1048890827094786,2026-06-20 20:34:28.770732,2026-06-20 20:34:35.469739,0 days 00:00:06.699007,,,,,,,,,,,,,Ridge,,,,6,,,,,,0.29110519961044856,sparse_cg,,,,,,,True,-0.04525033260190411,-0.0381660496428372,398.0,-0.041708191122370654,0.003542141479533453,0.035989977821589206,1.9659423239762661,1.09875294069066,1.1110252247282972,398.0,1.1048890827094786,0.006136142018818631,0.062346356418403616,1.9659423239762661,356481009528581.9,409162725490023.25,398.0,382821867509302.56,26340857980720.703,267636654268432.62,1.9659423239762661,3.246869146886639,3.31398227157955,398.0,3.2804257092330946,0.03355656234645543,0.34095191894389737,1.9659423239762661,0.9740118376426852,0.9889234418983566,398.0,0.9814676397705209,0.0074558021278356605,0.0757547813302777,1.9659423239762661,399.0,0.631578947368421,-0.036891073808726305,-0.023787693331598324,398.0,-0.030339383570162314,0.00655169023856399,0.06656853989098648,1.9659423239762661,Ridge,"{'mode': 'original', 'type': 'Ridge'}",6,"['nodes_T6W30', 'pe_T6W30', 'lcc_T6W30', 'density_T6W30', 'diameter_T6W30', 'asp_T6W30']",0.0664211850985523,0.0911451106991942,398.0,0.07878314789887325,0.012361962800320958,0.12560389515369166,1.9659423239762661,1.395170143741436,1.4106393496959282,398.0,1.4029047467186821,0.007734602977246079,0.07858754124257879,1.9659423239762661,completed,True,COMPLETE
1,1.1710661613079607,2026-06-20 20:34:35.565880,2026-06-20 20:35:21.779514,0 days 00:00:46.213634,79.0,,,,,,,,,,,,BaggingRegressor,,,,3,,,,1.7123375973163988,LinearSVC,,,,,,0.03334792728637585,,,True,-0.11113340225926284,-0.09758705280116063,398.0,-0.10436022753021174,0.006773174729051102,0.06881893614040649,1.9659423239762661,1.1625527902017663,1.1795795324141551,398.0,1.1710661613079607,0.008513371106194509,0.08650022565988956,1.9659423239762661,354525190235987.94,407890046285678.8,398.0,381207618260833.4,26682428024845.453,271107181457591.7,1.9659423239762661,3.610447683191896,3.6947139550810015,398.0,3.652580819136449,0.04213313594455277,0.4280943144027616,1.9659423239762661,0.9899672525611914,1.0142204318396841,398.0,1.0020938422004377,0.012126589639246297,0.1232123828733888,1.9659423239762661,399.0,0.8320802005012531,-0.1402470037751256,-0.1142987070038764,398.0,-0.127272855389501,0.012974148385624601,0.13182401531689777,1.9659423239762661,BaggingRegressor,"{'mode': 'proxy', 'type': 'LinearSVC', 'C': 1.7123375973163988, 'epsilon': 0.03334792728637585}",3,"['nodes_T6W30', 'pe_T6W30', 'asp_T6W30']",0.10344920826056396,0.12914420786669714,398.0,0.11629670806363056,0.012847499803066594,0.13053720063043336,1.9659423239762661,1.4550756138184517,1.475561288041747,398.0,1.4653184509300994,0.010242837111647541,0.1040724890884089,1.9659423239762661,completed,True,COMPLETE
2,1.141821555684213,2026-06-20 20:35:21.797041,2026-06-20 20:37:00.464526,0 days 00:01:38.667485,,,,,,19.0,8.0,399.0,,,,,ExtraTreesRegressor,,,,8,,,,,,,,,,,,,,False,-0.08210684206297035,-0.07088371105161832,398.0,-0.07649527655729434,0.005611565505676016,0.05701638945270917,1.9659423239762661,1.1339878533408405,1.1496552580275856,398.0,1.141821555684213,0.00783370234337266,0.07959444173191184,1.9659423239762661,349205408552501.4,402607738999932.0,398.0,375906573776216.7,26701165223715.297,271297561027594.97,1.9659423239762661,3.5098104482854984,3.593703612404739,398.0,3.5517570303451187,0.04194658205962024,0.4261988310574331,1.9659423239762661,0.9534030478704932,0.9755748716302303,398.0,0.9644889597503618,0.011085911879868546,0.11263856200941824,1.9659423239762661,399.0,0.7669172932330827,-0.09345734405969666,-0.07181474888604447,398.0,-0.08263604647287057,0.010821297586826099,0.10994994480061958,1.9659423239762661,ExtraTreesRegressor,"{'mode': 'original', 'type': 'ExtraTreesRegressor'}",8,"['edges_T6W30', 're_T6W30', 'pe_T6W30', 'l2_T6W30', 'lsc_T6W30', 'density_T6W30', 'diameter_T6W30', 'asp_T6W30']",0.07972208643533862,0.10509166415209376,398.0,0.09240687529371619,0.012684788858377562,0.1288839738114246,1.9659423239762661,1.4273756405074625,1.4462164819590975,398.0,1.43679606123328,0.009420420725817408,0.09571631594931776,1.9659423239762661,completed,False,COMPLETE
3,1.0898351254539953,2026-06-20 20:37:00.515369,2026-06-20 20:37:06.681893,0 days 00:00:06.166524,,,,,,,,,,,,,LinearRegression,,,,2,,,,,,,,,,,,,,False,-0.029583895335700727,-0.025079909901311346,398.0,-0.027331902618506036,0.002251992717194691,0.022881403358539082,1.9659423239762661,1.0840906639029928,1.0955795870049978,398.0,1.0898351254539953,0.005744461551002452,0.05836668157161836,1.9659423239762661,361676107314136.44,414942249020176.2,398.0,388309178167156.3,26633070853019.887,270605687226036.5,1.9659423239762661,3.120103961102131,3.1482234201623434,398.0,3.134163690632237,0.014059729530106023,0.1428540776504237,1.9659423239762661,0.9827546025022923,0.991814155435807,398.0,0.9872843789690496,0.004529776466757337,0.046024856860552625,1.9659423239762661,399.0,0.5513784461152882,-0.01386561755942049,-0.00696612313286011,398.0,-0.0104158703461403,0.003449747213280189,0.03505120459287702,1.9659423239762661,LinearRegression,"{'mode': 'original', 'type': 'LinearRegression'}",2,"['atd_T6W30', 'density_T6W30']",0.02993915599023922,0.05487224746975347,398.0,0.042405701729996345,0.012466545739757126,0.126666511565987,1.9659423239762661,1.3826130563795846,1.3978459190096038,398.0,1.3902294876945942,0.00761643131500962,0.07738685642306935,1.9659423239762661,completed,False,COMPLETE
4,1.1033070655684307,2026-06-20 20:37:06.709238,2026-06-20 20:37:13.023153,0 days 00:00:06.313915,,,,,,,,,,,,,LinearRegression,,,,5,,,,,,,,,,,,,,True,-0.043933312283316706,-0.036510063644564994,398.0,-0.04022168796394085,0.0037116243193758562,0.03771201057559187,1.9659423239762661,1.0970626578028695,1.109551473333992,398.0,1.1033070655684307,0.0062444077655611765,0.06344639204561273,1.9659423239762661,356529330403246.4,409243173276906.5,398.0,382886251840076.44,26356921436830.05,267799867237890.22,1.9659423239762661,3.225143473081549,3.288200021574772,398.0,3.2566717473281606,0.03152827424661145,0.3203434694646876,1.9659423239762661,0.9781819393922301,0.9946721554607038,398.0,0.9864270474264669,0.008245108034236875,0.0837745349821196,1.9659423239762661,399.0,0.543859649122807,-0.028630578768765257,-0.014804073851866294,398.0,-0.021717326310315775,0.0069132524584494814,0.07024219786032239,1.9659423239762661,LinearRegression,"{'mode': 'original', 'type': 'LinearRegression'}",5,"['nodes_T6W30', 'pe_T6W30', 'atd_T6W30', 'diameter_T6W30', 'asp_T6W30']",0.09271693482221331,0.11591254367046121,398.0,0.10431473924633726,0.01159780442412395,0.11783965333262969,1.9659423239762661,1.389083962103269,1.404747150269268,398.0,1.3969155561862685,0.007831594082999665,0.07957302072303779,1.9659423239762661,completed,True,COMPLETE
5,1.163613795311041,2026-06-20 20:37:13.040511,2026-06-20 20:38:21.626934,0 days 00:01:08.586423,,,,,,10.0,2.0,285.0,,,,,ExtraTreesRegressor,,,,3,,,,,,,,,,,,,,True,-0.10381190883864373,-0.09090383370187548,398.0,-0.0973578712702596,0.0064540375683841324,0.06557633857596307,1.9659423239762661,1.155521586002323,1.1717060046197592,398.0,1.163613795311041,0.008092209308718106,0.08222100535261014,1.9659423239762661,354497930193333.94,409136929258197.2,398.0,381817429725765.56,27319499532431.61,277580155380646.9,1.9659423239762661,3.666634152510945,3.7853143897693715,398.0,3.7259742711401582,0.059340118629213116,0.6029261015506208,1.9659423239762661,0.9537204936939077,0.976488759567171,398.0,0.9651046266305393,0.011384132936631652,0.11566864120892237,1.9659423239762661,399.0,0.8897243107769424,-0.1665510997184764,-0.14042054824577968,398.0,-0.15348582398212804,0.013065275736348346,0.13274991603273245,1.9659423239762661,ExtraTreesRegressor,"{'mode': 'original', 'type': 'ExtraTreesRegressor'}",3,"['pe_T6W30', 'lsc_T6W30', 'density_T6W30']",0.03892230456779909,0.06439490277702763,398.0,0.05165860367241336,0.012736299104614265,0.12940734438551238,1.9659423239762661,1.4722936370146873,1.49202047983704,398.0,1.4821570584258636,0.009863421411176361,0.10021743058100026,1.9659423239762661,completed,True,COMPLETE
6,1.1264151274276952,2026-06-20 20:38:21.644524,2026-06-20 20:39:34.512799,0 days 00:01:12.868275,,,,,,,,,,,,,RandomForestRegressor,6.0,8.0,164.0,10,,,,,,,,,,,,,,False,-0.06663493194691521,-0.0575525935534694,398.0,-0.06209376275019231,0.004541169196722906,0.04614061285199377,1.9659423239762661,1.1196605891870235,1.133169665668367,398.0,1.1264151274276952,0.006754538240671654,0.0686295798407431,1.9659423239762661,357444710473968.75,412017625496060.0,398.0,384731167985014.4,27286457511045.65,277244431462296.28,1.9659423239762661,3.363823702861625,3.451483745376067,398.0,3.407653724118846,0.043830021257220936,0.445335541248605,1.9659423239762661,0.9718431712750351,0.991000989083733,398.0,0.981422080179384,0.009578908904349011,0.09732663729398854,1.9659423239762661,399.0,0.7443609022556391,-0.059325668250387015,-0.04248223267296397,398.0,-0.05090395046167549,0.008421717788711518,0.08556898085147428,1.9659423239762661,RandomForestRegressor,"{'mode': 'original', 'type': 'RandomForestRegressor'}",10,"['nodes_T6W30', 'edges_T6W30', 'pe_T6W30', 'l1_T6W30', 'l2_T6W30', 'l3_T6W30', 'lsc_T6W30', 'atd_T6W30', 'diameter_T6W30', 'asp_T6W30']",0.07779187988984537,0.1019696805375539,398.0,0.08988078021369963,0.012088900323854256,0.1228294400595831,1.9659423239762661,1.4078403863150017,1.4249118623274908,398.0,1.4163761243212463,0.0085357380062446,0.08672748485927267,1.9659423239762661,completed,False,COMPLETE
7,1.1132225216535183,2026-06-20 20:39:34.530650,2026-06-20 20:40:10.947566,0 days 00:00:36.416916,,,,,,,,,,,,,RandomForestRegressor,3.0,2.0,89.0,5,,,,,,,,,,,,,,False,-0.053239279542855567,-0.04561391353646148,398.0,-0.04942659653965852,0.0038126830031970445,0.03873881873964143,1.9659423239762661,1.1066196892768134,1.1198253540302232,398.0,1.1132225216535183,0.006602832376704978,0.0670881702976424,1.9659423239762661,362544434894932.8,417014050211602.44,398.0,389779242553267.6,27234807658334.812,276719642414684.28,1.9659423239762661,3.285913079522799,3.3702594523360005,398.0,3.3280862659293997,0.04217318640660093,0.42850124768004205,1.9659423239762661,0.9674408161844334,0.9840382422328926,398.0,0.975739529208663,0.008298713024229541,0.08431918922930588,1.9659423239762661,399.0,0.6942355889724311,-0.04832841651513708,-0.03433030647159593,398.0,-0.0413293614933665,0.006999055021770573,0.07111399599961307,1.9659423239762661,RandomForestRegressor,"{'mode': 'original', 'type': 'RandomForestRegressor'}",5,"['nodes_T6W30', 'pe_T6W30', 'l2_T6W30', 'lsc_T6W30', 'diameter_T6W30']",0.07074789383229119,0.09467682149715981,398.0,0.0827123576647255,0.011964463832434316,0.12156510135592695,1.9659423239762661,1.4022283163920177,1.4185782937933167,398.0,1.4104033050926672,0.008174988700649465,0.08306208651690247,1.9659423239762661,completed,False,COMPLETE
8,1.0839173519562728,2026-06-20 20:40:10.965217,2026-06-20 20:41:08.584997,0 days 00:00:57.619780,,,,,,2.0,3.0,276.0,,,,,ExtraTreesRegressor,,,,11,,,,,,,,,,,,,,False,-0.024086551179155497,-0.01942393017790434,398.0,-0.02175524067852992,0.002331310500625578,0.0236873128014649,1.9659423239762661,1.078167735018194,1.0896669688943517,398.0,1.0839173519562728,0.005749616938078755,0.058419062953787855,1.9659423239762661,354744510484044.75,407034345766071.4,398.0,380889428125058.06,26144917641013.3,265645799718672.28,1.9659423239762661,3.093916199082643,3.118943133508971,398.0,3.106429666295807,0.012513467213163874,0.1271432578498445,1.9659423239762661,0.9783181320594473,0.9888055120195945,398.0,0.9835618220395209,0.0052436899800736465,0.05327858505273399,1.9659423239762661,399.0,0.506265664160401,-0.010758194604449763,-0.003248113631264566,398.0,-0.007003154117857164,0.003755040486592598,0.03815314114709992,1.9659423239762661,ExtraTreesRegressor,"{'mode': 'original', 'type': 'ExtraTreesRegressor'}",11,"['nodes_T6W30', 'edges_T6W30', 're_T6W30', 'pe_T6W30', 'l1_T6W30', 'l2_T6W30', 'lsc_T6W30', 'atd_T6W30', 'density_T6W30', 'diameter_T6W30', 'asp_T6W30']",0.071895345146779,0.09636220696408193,398.0,0.08412877605543047,0.012233430908651458,0.12429794507877781,1.9659423239762661,1.3802963936311459,1.395069786190955,398.0,1.3876830899110504,0.007386696279904601,0.07505263040018313,1.9659423239762661,completed,False,COMPLETE
9,1.0978754226891936,2026-06-20 20:41:08.613170,2026-06-20 20:41:23.955747,0 days 00:00:15.342577,,,,,,,,,,,,,SVR,,,,8,,,,,,,,,15.01455544253768,,0.0401698606222607,scale,linear,,-0.03923969729270209,-0.03126577052986075,398.0,-0.03525273391128142,0.003986963381420668,0.04050959694916472,1.9659423239762661,1.091745092227173,1.1040057531512142,398.0,1.0978754226891936,0.006130330462020601,0.06228730801464038,1.9659423239762661,345138144952448.8,396319247196047.06,398.0,370728696074247.94,25590551121799.12,260013150981508.38,1.9659423239762661,3.606314226166404,3.746292537858281,398.0,3.6763033820123425,0.0699891558459385,0.7111257924623753,1.9659423239762661,0.9935479729870285,1.0026357820268852,398.0,0.9980918775069568,0.0045439045199283596,0.04616840514150789,1.9659423239762661,399.0,0.6666666666666666,-0.07081785548733434,-0.05056913924240103,398.0,-0.060693497364867684,0.010124358122466653,0.10286868166920156,1.9659423239762661,SVR,"{'mode': 'original', 'type': 'SVR'}",8,"['nodes_T6W30', 'edges_T6W30', 'pe_T6W30', 'l1_T6W30', 'lcc_T6W30', 'atd_T6W30', 'density_T6W30', 'asp_T6W30']",0.07274703692754611,0.09950295139770321,398.0,0.08612499416262466,0.013377957235078553,0.1359269207541824,1.9659423239762661,1.4134838216935441,1.4310047361539584,398.0,1.4222442789237513,0.008760457230207118,0.08901074766320817,1.9659423239762661,completed,True,COMPLETE
10,2.716404799966942,2026-06-20 20:41:23.973720,2026-06-20 20:42:19.541250,0 days 00:00:55.567530,,,,,,,,,1.1323342574942001e-10,,,,GaussianProcessRegressor,,,,12,5.0,8.0,20.0,,ExtraTrees,,,,,,,,,,-1.628013417424093,-1.5215945893876686,398.0,-1.5748040034058808,0.05320941401821217,0.5406349919900562,1.9659423239762661,2.664856441226646,2.7679531587072375,398.0,2.716404799966942,0.05154835874029578,0.5237578167111854,1.9659423239762661,37644412034279.16,68461795277832.89,398.0,53053103656056.02,15408691621776.871,156560225765036.28,1.9659423239762661,5.767471265590979,5.856581209852408,398.0,5.812026237721693,0.04455497213071404,0.45270141469254077,1.9659423239762661,2.66210769953498,2.7874344619319826,398.0,2.7247710807334813,0.06266338119850122,0.6366921571571149,1.9659423239762661,399.0,1.0,-4.165711773429983,-3.869889961655708,398.0,-4.017800867542846,0.1479109058871376,1.5028508186946843,1.9659423239762661,GaussianProcessRegressor,"{'mode': 'proxy', 'type': 'ExtraTrees', 'n_estimators': 20, 'max_depth': 5, 'min_samples_split': 8}",12,"['nodes_T6W30', 'edges_T6W30', 're_T6W30', 'pe_T6W30', 'l1_T6W30', 'l2_T6W30', 'l3_T6W30', 'lcc_T6W30', 'lsc_T6W30', 'density_T6W30', 'diameter_T6W30', 'asp_T6W30']",0.09615195194716325,0.11986395517268597,398.0,0.10800795355992461,0.011856001612761367,0.12046306946277288,1.9659423239762661,2.987422541517696,3.084626665412193,398.0,3.0360246034649445,0.048602061947248414,0.493821927122845,1.9659423239762661,completed,True,COMPLETE
11,1.08914732822395,2026-06-20 20:42:19.629815,2026-06-20 20:42:39.876088,0 days 00:00:20.246273,,,,,,,,,,,,,StackingRegressor,,,,12,,,,0.001156197048418965,LinearSVC,,,Ridge,,,37.86080588557462,,,False,-0.028667301704062762,-0.024679735981996496,398.0,-0.02667351884302963,0.0019937828610331345,0.0202578585198405,1.9659423239762661,1.083502726975141,1.0947919294727593,398.0,1.08914732822395,0.005644601248809059,0.0573520495807836,1.9659423239762661,361591133072959.25,414811394510604.6,398.0,388201263791781.94,26610130718822.664,270372603673120.03,1.9659423239762661,3.1745944607213357,3.208086045078165,398.0,3.1913402528997503,0.016745792178414525,0.17014585458779072,1.9659423239762661,0.9756248555083891,0.9849446577859091,398.0,0.9802847566471491,0.004659901138760055,0.04734699040221913,1.9659423239762661,399.0,0.731829573934837,-0.023599010130486115,-0.01647857825072035,398.0,-0.020038794190603233,0.0035602159398828805,0.03617362362762821,1.9659423239762661,StackingRegressor,"{'mode': 'proxy', 'type': 'LinearSVC', 'C': 0.001156197048418965, 'epsilon': 37.86080588557462}",12,"['edges_T6W30', 're_T6W30', 'pe_T6W30', 'l1_T6W30', 'l2_T6W30', 'l3_T6W30', 'lcc_T6W30', 'lsc_T6W30', 'atd_T6W30', 'density_T6W30', 'diameter_T6W30', 'asp_T6W30']",-0.029682381364375055,-0.0038912320888511535,398.0,-0.016786806726613104,0.01289557463776195,0.13102566565772256,1.9659423239762661,1.3892271421224103,1.404301976668207,398.0,1.3967645593953086,0.0075374172728983925,0.07658403314805105,1.9659423239762661,completed,False,COMPLETE
12,1.08914732822395,2026-06-20 20:42:39.893832,2026-06-20 20:43:00.037471,0 days 00:00:20.143639,,,,,,,,,,,,,StackingRegressor,,,,12,,,,0.0011082046371617281,LinearSVC,,,Ridge,,,42.47052338623051,,,False,-0.028667301704062762,-0.024679735981996496,398.0,-0.02667351884302963,0.0019937828610331345,0.0202578585198405,1.9659423239762661,1.083502726975141,1.0947919294727593,398.0,1.08914732822395,0.005644601248809059,0.0573520495807836,1.9659423239762661,361591133072959.25,414811394510604.6,398.0,388201263791781.94,26610130718822.664,270372603673120.03,1.9659423239762661,3.1745944607213357,3.208086045078165,398.0,3.1913402528997503,0.016745792178414525,0.17014585458779072,1.9659423239762661,0.9756248555083891,0.9849446577859091,398.0,0.9802847566471491,0.004659901138760055,0.04734699040221913,1.9659423239762661,399.0,0.731829573934837,-0.023599010130486115,-0.01647857825072035,398.0,-0.020038794190603233,0.0035602159398828805,0.03617362362762821,1.9659423239762661,StackingRegressor,"{'mode': 'proxy', 'type': 'LinearSVC', 'C': 0.0011082046371617281, 'epsilon': 42.47052338623051}",12,"['edges_T6W30', 're_T6W30', 'pe_T6W30', 'l1_T6W30', 'l2_T6W30', 'l3_T6W30', 'lcc_T6W30', 'lsc_T6W30', 'atd_T6W30', 'density_T6W30', 'diameter_T6W30', 'asp_T6W30']",-0.029682381364375055,-0.0038912320888511535,398.0,-0.016786806726613104,0.01289557463776195,0.13102566565772256,1.9659423239762661,1.3892271421224103,1.404301976668207,398.0,1.3967645593953086,0.0075374172728983925,0.07658403314805105,1.9659423239762661,completed,False,COMPLETE
13,1.1171894196275003,2026-06-20 20:43:00.055287,2026-06-20 20:43:06.642940,0 days 00:00:06.587653,,,,,,,,,,minkowski,16.0,uniform,KNeighborsRegressor,,,,10,,,,0.0011025477809755977,LinearSVC,,,,,,95.51743658898715,,,,-0.057352001870011694,-0.04894756762446998,398.0,-0.05314978474724084,0.004202217122770859,0.04269668558522559,1.9659423239762661,1.1102860412895041,1.1240927979654964,398.0,1.1171894196275003,0.006903378337996037,0.07014187172197346,1.9659423239762661,344841881556033.2,396462701070999.8,398.0,370652291313516.5,25810409757483.3,262247027710565.72,1.9659423239762661,3.1890027221866033,3.234556175056505,398.0,3.211779448621554,0.022776726434950573,0.23142324607266834,1.9659423239762661,0.9399550471198489,0.9601076095217552,398.0,0.9500313283208021,0.010076281200953215,0.10238019543876821,1.9659423239762661,399.0,0.5614035087719298,-0.02146004639712268,-0.007274012047364496,398.0,-0.014367029222243588,0.007093017174879092,0.07206869976454845,1.9659423239762661,KNeighborsRegressor,"{'mode': 'proxy', 'type': 'LinearSVC', 'C': 0.0011025477809755977, 'epsilon': 95.51743658898715}",10,"['pe_T6W30', 'l1_T6W30', 'l2_T6W30', 'l3_T6W30', 'lcc_T6W30', 'lsc_T6W30', 'atd_T6W30', 'density_T6W30', 'diameter_T6W30', 'asp_T6W30']",0.12361175326182162,0.14730515346540138,398.0,0.1354584533636115,0.011846700101789879,0.12036856133103806,1.9659423239762661,1.3837367468759283,1.4001619316230276,398.0,1.391949339249478,0.008212592373549762,0.08344415915897838,1.9659423239762661,completed,True,COMPLETE
14,1.091328993695805,2026-06-20 20:43:06.660535,2026-06-20 20:43:26.624476,0 days 00:00:19.963941,,,,,,,,,,,,,StackingRegressor,,,,10,10.0,2.0,100.0,,ExtraTrees,,,LinearRegression,,,,,,False,-0.030940881117487846,-0.02651916773756068,398.0,-0.028730024427524262,0.002210856689963584,0.022463440181102468,1.9659423239762661,1.0855857411619625,1.0970722462296476,398.0,1.091328993695805,0.005743252533842469,0.05835439733593069,1.9659423239762661,362075402450773.2,415375782431163.8,398.0,388725592440968.5,26650189990195.3,270779626457664.53,1.9659423239762661,3.1967508556024202,3.2385270712648633,398.0,3.2176389634336418,0.020888107831221556,0.21223391045341441,1.9659423239762661,0.9732052153950221,0.9825333853780673,398.0,0.9778693003865447,0.00466408499152262,0.047389500496466785,1.9659423239762661,399.0,0.7869674185463659,-0.030661775501433716,-0.022203394608664925,398.0,-0.02643258505504932,0.004229190446384397,0.04297074841536236,1.9659423239762661,StackingRegressor,"{'mode': 'proxy', 'type': 'ExtraTrees', 'n_estimators': 100, 'max_depth': 10, 'min_samples_split': 2}",10,"['edges_T6W30', 're_T6W30', 'pe_T6W30', 'l1_T6W30', 'l2_T6W30', 'lsc_T6W30', 'atd_T6W30', 'density_T6W30', 'diameter_T6W30', 'asp_T6W30']",-0.042720285723283236,-0.016249674554362062,398.0,-0.02948498013882265,0.013235305584460587,0.13447750667187702,1.9659423239762661,1.3933814750027067,1.4086854101922985,398.0,1.4010334425975026,0.007651967594795806,0.07774792328862411,1.9659423239762661,completed,False,COMPLETE
15,1.392680395549742,2026-06-20 20:43:26.641916,2026-06-20 20:43:33.220427,0 days 00:00:06.578511,,13.0,16.0,,,,,,,,,,DecisionTreeRegressor,,,,12,,,,,,,,,,,,,,False,-0.3258687788007297,-0.3016173438683803,398.0,-0.313743061334555,0.012125717466174711,0.12320352114675132,1.9659423239762661,1.3792018395595058,1.4061589515399782,398.0,1.392680395549742,0.01347855599023614,0.13694905580664163,1.9659423239762661,367502690249645.56,431752372941265.94,398.0,399627531595455.75,32124841345810.2,326404897782361.94,1.9659423239762661,4.41526301107354,4.588253939811834,398.0,4.501758475442687,0.08649546436914683,0.8788383700370075,1.9659423239762661,1.1576257146523925,1.1938924216411098,398.0,1.1757590681467511,0.018133353494358535,0.18424419065806466,1.9659423239762661,399.0,0.9974937343358395,-0.642313631814243,-0.5858826049117604,398.0,-0.6140981183630017,0.02821551345124134,0.286684117278308,1.9659423239762661,DecisionTreeRegressor,"{'mode': 'original', 'type': 'DecisionTreeRegressor'}",12,"['nodes_T6W30', 'edges_T6W30', 're_T6W30', 'pe_T6W30', 'l1_T6W30', 'l2_T6W30', 'lcc_T6W30', 'lsc_T6W30', 'atd_T6W30', 'density_T6W30', 'diameter_T6W30', 'asp_T6W30']",0.018382207611802405,0.045939154989701546,398.0,0.032160681300751975,0.013778473688949572,0.13999637376030516,1.9659423239762661,1.7328808577899855,1.7652207437862164,398.0,1.749050800788101,0.0161699429981155,0.16429493097356174,1.9659423239762661,completed,False,COMPLETE
16,1.0767484249875485,2026-06-20 20:43:33.238600,2026-06-20 20:43:40.028021,0 days 00:00:06.789421,,,,0.17618855899095442,0.5,,,,,,,,ElasticNet,,,,11,,,,,,,,,,,,,,False,-0.016674961463185426,-0.01326667381580498,398.0,-0.014970817639495202,0.0017041438236902221,0.01731497704814647,1.9659423239762661,1.0712361062924731,1.082260743682624,398.0,1.0767484249875485,0.005512318695075433,0.056007990851745085,1.9659423239762661,361368349091514.94,414552685483491.8,398.0,387960517287503.4,26592168195988.43,270190095209762.72,1.9659423239762661,3.1136513410007374,3.133319680968396,398.0,3.1234855109845667,0.009834169983829263,0.09992022104615962,1.9659423239762661,0.9706385610702802,0.9784761948055275,398.0,0.9745573779379039,0.0039188168676236425,0.039817193346896235,1.9659423239762661,399.0,0.38345864661654133,-0.003913574810433791,0.0018817163508992522,398.0,-0.001015929229767269,0.0028976455806665213,0.02944156826755264,1.9659423239762661,ElasticNet,"{'mode': 'original', 'type': 'ElasticNet'}",11,"['re_T6W30', 'pe_T6W30', 'l1_T6W30', 'l2_T6W30', 'l3_T6W30', 'lcc_T6W30', 'lsc_T6W30', 'atd_T6W30', 'density_T6W30', 'diameter_T6W30', 'asp_T6W30']",0.10235787991421251,0.1254337648295994,395.0,0.11389582237190594,0.011537942457693438,0.11678716836059101,1.9659878660673014,1.376342460729695,1.3912540182706854,398.0,1.3837982395001902,0.0074557787704952125,0.07575454400769487,1.9659423239762661,completed,False,COMPLETE
17,1.07798046410652,2026-06-20 20:43:40.056196,2026-06-20 20:43:46.481383,0 days 00:00:06.425187,,,,0.11993830180693718,0.5,,,,,,,,ElasticNet,,,,9,,,,,,,,,,,,,,False,-0.018179210743414637,-0.014105678854048419,398.0,-0.016142444798731528,0.002036765944683108,0.020694588739738385,1.9659423239762661,1.0723605925267108,1.0836003356863293,398.0,1.07798046410652,0.005619871579809195,0.05710078343458845,1.9659423239762661,361068670579256.2,414245276513069.7,398.0,387656973546162.94,26588302966906.742,270150822495860.97,1.9659423239762661,3.1334272027351915,3.158261760740505,398.0,3.145844481737848,0.012417279002656509,0.12616593619771377,1.9659423239762661,0.9692610238815337,0.9779652002431699,398.0,0.9736131120623518,0.004352088180818107,0.044219452557235125,1.9659423239762661,399.0,0.39097744360902253,-0.004263566964319059,0.0027902476760579163,398.0,-0.0007366596441305717,0.003526907320188488,0.035835190933452804,1.9659423239762661,ElasticNet,"{'mode': 'original', 'type': 'ElasticNet'}",9,"['l1_T6W30', 'l2_T6W30', 'l3_T6W30', 'lcc_T6W30', 'lsc_T6W30', 'atd_T6W30', 'density_T6W30', 'diameter_T6W30', 'asp_T6W30']",0.10824033955973149,0.1312760113153685,397.0,0.11975817543754999,0.011517835877818504,0.11687949129705615,1.9659574279668237,1.3760017009277006,1.3909668894703573,398.0,1.383484295199029,0.007482594271328387,0.07602700327727431,1.9659423239762661,completed,False,COMPLETE
18,1.0784703951281118,2026-06-20 20:43:46.504147,2026-06-20 20:43:53.192065,0 days 00:00:06.687918,,,,0.10426610768778038,0.5,,,,,,,,ElasticNet,,,,8,,,,,,,,,,,,,,False,-0.018742258678202665,-0.014474297894392063,398.0,-0.016608278286297365,0.002133980391905302,0.02168233748429888,1.9659423239762661,1.0728166380739332,1.0841241521822904,398.0,1.0784703951281118,0.005653757054178559,0.057445077268720696,1.9659423239762661,360985209436786.25,414161773003658.9,398.0,387573491220222.56,26588281783436.28,270150607260914.4,1.9659423239762661,3.1406592477257247,3.1672112823209995,398.0,3.153935265023362,0.013276017297637244,0.1348911586004555,1.9659423239762661,0.9685669700680257,0.9776188829319548,398.0,0.9730929264999902,0.004525956431964551,0.045986043343852506,1.9659423239762661,399.0,0.39097744360902253,-0.004592411540586305,0.0028462579965594765,398.0,-0.0008730767720134144,0.003719334768572891,0.03779035270201431,1.9659423239762661,ElasticNet,"{'mode': 'original', 'type': 'ElasticNet'}",8,"['l2_T6W30', 'l3_T6W30', 'lcc_T6W30', 'lsc_T6W30', 'atd_T6W30', 'density_T6W30', 'diameter_T6W30', 'asp_T6W30']",0.1088147086255812,0.1319228275463382,397.0,0.1203687680859597,0.011554059460378503,0.11724707718276259,1.9659574279668237,1.3760422179328782,1.3910368378557811,398.0,1.3835395278943297,0.007497309961451447,0.07617652225166267,1.9659423239762661,completed,False,COMPLETE
19,1.0770659939851168,2026-06-20 20:43:53.209694,2026-06-20 20:43:59.533459,0 days 00:00:06.323765,,,,0.15637579201916424,0.5,,,,,,,,ElasticNet,,,,9,,,,,,,,,,,,,,False,-0.017090075992001557,-0.013455619930955535,398.0,-0.015272847961478547,0.0018172280305230116,0.018463970706192046,1.9659423239762661,1.071518140241271,1.0826138477289626,398.0,1.0770659939851168,0.005547853743845759,0.05636904520954604,1.9659423239762661,361255331097335.94,414435260912102.7,398.0,387845296004719.3,26589964907383.383,270167708665213.8,1.9659423239762661,3.1195950910018424,3.1409725383548275,398.0,3.130283814678335,0.010688723676492573,0.10860292573879109,1.9659423239762661,0.9705052877458153,0.9785761655923859,398.0,0.9745407266691006,0.004035438923285337,0.04100213336722692,1.9659423239762661,399.0,0.38095238095238093,-0.003859378515956774,0.002353898765371768,398.0,-0.0007527398752925029,0.003106638640664271,0.031565045163561824,1.9659423239762661,ElasticNet,"{'mode': 'original', 'type': 'ElasticNet'}",9,"['l1_T6W30', 'l2_T6W30', 'l3_T6W30', 'lcc_T6W30', 'lsc_T6W30', 'atd_T6W30', 'density_T6W30', 'diameter_T6W30', 'asp_T6W30']",0.10530292310397615,0.12830810612163154,396.0,0.11680551461280385,0.011502591508827693,0.11657716449339187,1.9659726084695506,1.376115966544874,1.391039435611101,398.0,1.3835777010779875,0.0074617345331135405,0.07581505761670308,1.9659423239762661,completed,False,COMPLETE
20,1.0765361320918112,2026-06-20 20:43:59.551253,2026-06-20 20:44:05.795402,0 days 00:00:06.244149,,,,0.5374770615328031,0.5,,,,,,,,ElasticNet,,,,7,,,,,,,,,,,,,,False,-0.015234924192559942,-0.014295181933833749,398.0,-0.014765053063196846,0.000469871129363097,0.004774132152115588,1.9659423239762661,1.071282895822131,1.0817893683614914,398.0,1.0765361320918112,0.005253236269680134,0.05337558026119788,1.9659423239762661,361404024284798.94,414587347873958.56,398.0,387995686079378.75,26591661794579.785,270184949911199.34,1.9659423239762661,3.063111188617083,3.0744344438639786,398.0,3.0687728162405308,0.005661627623447711,0.05752504629736531,1.9659423239762661,0.9416514229679303,0.9502546278117432,398.0,0.9459530253898367,0.004301602421906419,0.04370649130087757,1.9659423239762661,399.0,0.9423558897243107,-0.0040300392144907455,-0.0028908740886646987,398.0,-0.003460456651577722,0.0005695825629130234,0.005787251561025641,1.9659423239762661,ElasticNet,"{'mode': 'original', 'type': 'ElasticNet'}",7,"['l3_T6W30', 'lcc_T6W30', 'lsc_T6W30', 'atd_T6W30', 'density_T6W30', 'diameter_T6W30', 'asp_T6W30']",-0.014164758178127863,0.028818768446085986,93.0,0.0073270051339790615,0.021491763312106924,0.10493009660461151,1.9858018143458227,1.378291870087005,1.3932416914211947,398.0,1.3857667807540999,0.007474910667094904,0.07594893390947782,1.9659423239762661,completed,False,COMPLETE
21,1.0764728360500295,2026-06-20 20:44:05.822708,2026-06-20 20:44:12.500239,0 days 00:00:06.677531,,,,0.7259856172648705,0.5,,,,,,,,ElasticNet,,,,7,,,,,,,,,,,,,,False,-0.01512254040676787,-0.014273356363482467,398.0,-0.014697948385125168,0.0004245920216427007,0.004314073147681623,1.9659423239762661,1.0712086075614264,1.0817370645386326,398.0,1.0764728360500295,0.005264228488603088,0.053487266854614045,1.9659423239762661,361181713617895.8,414370240118990.06,398.0,387775976868442.94,26594263250547.1,270211382040776.5,1.9659423239762661,3.0609996081205,3.072097226839199,398.0,3.0665484174798494,0.00554880935934926,0.056378754754174816,1.9659423239762661,0.9363312823826008,0.9449498437421343,398.0,0.9406405630623675,0.004309280679766798,0.0437845063467757,1.9659423239762661,399.0,0.9974937343358395,-0.003139477980978802,-0.0023767641106337578,398.0,-0.00275812104580628,0.0003813569351725221,0.0038747824496202996,1.9659423239762661,ElasticNet,"{'mode': 'original', 'type': 'ElasticNet'}",7,"['l3_T6W30', 'lcc_T6W30', 'lsc_T6W30', 'atd_T6W30', 'density_T6W30', 'diameter_T6W30', 'asp_T6W30']",-0.2192686302737561,-0.054058633123033786,6.0,-0.13666363169839493,0.08260499857536115,0.08931759563753132,2.4469118511449786,1.3778072479603138,1.3927895316908656,398.0,1.3852983898255897,0.00749114186527579,0.0761138512245888,1.9659423239762661,completed,False,COMPLETE
22,1.07646590011035,2026-06-20 20:44:12.529157,2026-06-20 20:44:18.875159,0 days 00:00:06.346002,,,,0.7404324511735394,0.5,,,,,,,,ElasticNet,,,,6,,,,,,,,,,,,,,False,-0.015115355953842126,-0.014267185885104986,398.0,-0.014691270919473556,0.00042408503436856956,0.004308921896423807,1.9659423239762661,1.0712014384471857,1.0817303617735143,398.0,1.07646590011035,0.005264461663164388,0.05348963602799072,1.9659423239762661,361174868840880.7,414362876963984.44,398.0,387768872902432.56,26594004061551.9,270208748547381.9,1.9659423239762661,3.0609811180832787,3.072083058506728,398.0,3.0665320882950033,0.005550970211724515,0.0564007101248201,1.9659423239762661,0.9362254142291159,0.9448455144455595,398.0,0.9405354643373377,0.004310050108221832,0.043792324135306156,1.9659423239762661,399.0,0.9974937343358395,-0.0031218270001063956,-0.002361477882923186,398.0,-0.0027416524415147907,0.00038017455859160504,0.003862768895907144,1.9659423239762661,ElasticNet,"{'mode': 'original', 'type': 'ElasticNet'}",6,"['lcc_T6W30', 'lsc_T6W30', 'atd_T6W30', 'density_T6W30', 'diameter_T6W30', 'asp_T6W30']",-0.3080226374496303,0.07318120960188103,3.0,-0.11742071392387464,0.19060192352575567,0.11978327691455831,3.1824463052837078,1.3777957961390759,1.3927786359654495,398.0,1.3852872160522627,0.007491419913186874,0.07611667633426075,1.9659423239762661,completed,False,COMPLETE
23,1.0797176528882395,2026-06-20 20:44:18.902299,2026-06-20 20:44:25.542155,0 days 00:00:06.639856,,,,0.7097364451296745,0.0,,,,,,,,ElasticNet,,,,6,,,,,,,,,,,,,,False,-0.01994562642986826,-0.015634660397075242,398.0,-0.01779014341347175,0.0021554830163965106,0.021900815199832276,1.9659423239762661,1.0740594070715834,1.0853758987048956,398.0,1.0797176528882395,0.005658245816656072,0.057490685402372475,1.9659423239762661,360796196472891.94,413971291504562.44,398.0,387383743988727.2,26587547515835.242,270143146724730.53,1.9659423239762661,3.121180747704233,3.14398159012767,398.0,3.1325811689159515,0.011400421211718479,0.11583413845473085,1.9659423239762661,0.9693107089860478,0.979082712534203,398.0,0.9741967107601254,0.004886001774077565,0.04964428905546102,1.9659423239762661,399.0,0.40350877192982454,-0.0021293447813142893,0.004986492782951702,398.0,0.0014285740008187066,0.0035579187821329957,0.03615028332432617,1.9659423239762661,ElasticNet,"{'mode': 'original', 'type': 'ElasticNet'}",6,"['nodes_T6W30', 're_T6W30', 'l1_T6W30', 'lcc_T6W30', 'lsc_T6W30', 'diameter_T6W30']",0.10820621027342461,0.13179577441080698,398.0,0.1200009923421158,0.011794782068691181,0.11984104743286121,1.9659423239762661,1.3745046366905467,1.3894289541977123,398.0,1.3819667954441295,0.007462158753582855,0.07581936791468816,1.9659423239762661,completed,False,COMPLETE
24,1.076455003053853,2026-06-20 20:44:25.560820,2026-06-20 20:44:31.704167,0 days 00:00:06.143347,,,,0.7084989779023585,1.0,,,,,,,,ElasticNet,,,,6,,,,,,,,,,,,,,False,-0.015104086265177721,-0.01425780289483168,398.0,-0.0146809445800047,0.000423141685173021,0.004299336983787771,1.9659423239762661,1.071190525284975,1.0817194808227313,398.0,1.076455003053853,0.0052644777688781175,0.05348979967031932,1.9659423239762661,361167972822415.06,414355531595812.3,398.0,387761752209113.7,26593779386698.617,270206465735406.9,1.9659423239762661,3.06093915844491,3.0720504584544805,398.0,3.0664948084496952,0.0055556500047854954,0.056448259227374994,1.9659423239762661,0.9361083452410985,0.9447366243256754,398.0,0.940422484783387,0.004314139542288457,0.043833874887079086,1.9659423239762661,399.0,1.0,-0.003101495674924018,-0.002345473817801534,398.0,-0.002723484746362776,0.00037801092856124197,0.00384078530285847,1.9659423239762661,ElasticNet,"{'mode': 'original', 'type': 'ElasticNet'}",6,"['lcc_T6W30', 'lsc_T6W30', 'atd_T6W30', 'density_T6W30', 'diameter_T6W30', 'asp_T6W30']",,,,,,,,1.377783318261774,1.3927662110610435,398.0,1.3852747646614088,0.007491446399634751,0.07611694545018319,1.9659423239762661,completed,False,COMPLETE
25,1.076455003053853,2026-06-20 20:44:31.807676,2026-06-20 20:44:38.077880,0 days 00:00:06.270204,,,,0.8255684043604051,1.0,,,,,,,,ElasticNet,,,,5,,,,,,,,,,,,,,False,-0.015104086265177721,-0.01425780289483168,398.0,-0.0146809445800047,0.000423141685173021,0.004299336983787771,1.9659423239762661,1.071190525284975,1.0817194808227313,398.0,1.076455003053853,0.0052644777688781175,0.05348979967031932,1.9659423239762661,361167972822415.06,414355531595812.3,398.0,387761752209113.7,26593779386698.617,270206465735406.9,1.9659423239762661,3.06093915844491,3.0720504584544805,398.0,3.0664948084496952,0.0055556500047854954,0.056448259227374994,1.9659423239762661,0.9361083452410985,0.9447366243256754,398.0,0.940422484783387,0.004314139542288457,0.043833874887079086,1.9659423239762661,399.0,1.0,-0.003101495674924018,-0.002345473817801534,398.0,-0.002723484746362776,0.00037801092856124197,0.00384078530285847,1.9659423239762661,ElasticNet,"{'mode': 'original', 'type': 'ElasticNet'}",5,"['lsc_T6W30', 'atd_T6W30', 'density_T6W30', 'diameter_T6W30', 'asp_T6W30']",,,,,,,,1.377783318261774,1.3927662110610435,398.0,1.3852747646614088,0.007491446399634751,0.07611694545018319,1.9659423239762661,completed,False,COMPLETE
26,1.5097547791046246,2026-06-20 20:44:38.111170,2026-06-20 20:44:44.867449,0 days 00:00:06.756279,,,,,,,,,,manhattan,1.0,distance,KNeighborsRegressor,,,,4,3.0,2.0,60.0,,ExtraTrees,,,,,,,,,,-0.43733495302275566,-0.41230929425474344,398.0,-0.42482212363874955,0.012512829384006096,0.12713677717780614,1.9659423239762661,1.496422873413225,1.5230866847960243,398.0,1.5097547791046246,0.013331905691399594,0.13545901340343647,1.9659423239762661,370369761692942.0,433899786976005.1,398.0,402134774334473.56,31765012641531.53,322748853222485.7,1.9659423239762661,4.896260681740354,5.058626536304758,398.0,4.977443609022556,0.08118292728220203,0.8248602629963206,1.9659423239762661,1.0728349498372896,1.1326788346238632,398.0,1.1027568922305764,0.029921942393286806,0.3040223123033196,1.9659423239762661,399.0,1.0,-0.9670847847279693,-0.9029492625577631,398.0,-0.9350170236428662,0.03206776108510316,0.3258249329986945,1.9659423239762661,KNeighborsRegressor,"{'mode': 'proxy', 'type': 'ExtraTrees', 'n_estimators': 60, 'max_depth': 3, 'min_samples_split': 2}",4,"['nodes_T6W30', 'edges_T6W30', 'pe_T6W30', 'l2_T6W30']",0.00463434907237718,0.028910207594482634,398.0,0.016772278333429907,0.012137929261052727,0.12332759925863956,1.9659423239762661,1.898737959672052,1.93031751869603,398.0,1.914527739184041,0.015789779511988903,0.16043227457958947,1.9659423239762661,completed,True,COMPLETE
27,1.0873389652542413,2026-06-20 20:44:44.885239,2026-06-20 20:44:52.083955,0 days 00:00:07.198716,,,,,,,,,,,,,SVR,,,,5,10.0,8.0,100.0,,ExtraTrees,,,,0.0010118805022401524,4.0,0.001672008354559189,auto,poly,,-0.0287945759189905,-0.021019685709950605,398.0,-0.024907130814470553,0.0038874451045199467,0.039498440111078316,1.9659423239762661,1.080560905289399,1.0941170252190837,398.0,1.0873389652542413,0.006778059964842377,0.06886857264668302,1.9659423239762661,366317802269619.75,420138146445404.6,398.0,393227974357512.2,26910172087892.465,273421178181161.38,1.9659423239762661,3.7754544097046034,4.13822242963783,398.0,3.9568384196712167,0.1813840099666135,1.8429547587549104,1.9659423239762661,0.9993961774831024,0.9995719643096712,398.0,0.9994840708963868,8.789341328438811e-05,0.0008930422494545725,1.9659423239762661,399.0,0.7142857142857143,-0.14476018050845646,-0.098553451092563,398.0,-0.12165681580050973,0.023103364707946723,0.23474205879337368,1.9659423239762661,SVR,"{'mode': 'proxy', 'type': 'ExtraTrees', 'n_estimators': 100, 'max_depth': 10, 'min_samples_split': 8}",5,"['edges_T6W30', 'pe_T6W30', 'l2_T6W30', 'lsc_T6W30', 'density_T6W30']",0.05890376839161453,0.08402896543637507,398.0,0.0714663669139948,0.012562598522380276,0.12764245720121453,1.9659423239762661,1.4425601891803639,1.472886389047755,398.0,1.4577232891140595,0.015163099933695568,0.1540648879988054,1.9659423239762661,completed,True,COMPLETE
28,1.161773622437539,2026-06-20 20:44:52.101734,2026-06-20 20:44:58.611566,0 days 00:00:06.509832,,3.0,2.0,,,,,,,,,,DecisionTreeRegressor,,,,6,,,,,,,,,,,,,,True,-0.10267378479582544,-0.08765682954915961,398.0,-0.09516530717249252,0.007508477623332918,0.07628999143570162,1.9659423239762661,1.1521121324923724,1.1714351123827056,398.0,1.161773622437539,0.009661489945166593,0.09816570310902763,1.9659423239762661,373179739864553.9,431937222177900.1,398.0,402558481021227.0,29378741156673.12,298503108575477.2,1.9659423239762661,3.804246006905071,4.004479946026897,398.0,3.904362976465984,0.10011696956091262,1.0172398631961357,1.9659423239762661,0.9873208571386717,1.0143284505382153,398.0,1.0008246538384435,0.01350379669977181,0.1372055143873163,1.9659423239762661,399.0,0.8947368421052632,-0.2006177745666537,-0.16715305125543262,398.0,-0.18388541291104316,0.016732361655610553,0.1700093935738419,1.9659423239762661,DecisionTreeRegressor,"{'mode': 'original', 'type': 'DecisionTreeRegressor'}",6,"['pe_T6W30', 'lsc_T6W30', 'atd_T6W30', 'density_T6W30', 'diameter_T6W30', 'asp_T6W30']",0.05082349327213579,0.07731525373039515,397.0,0.06406937350126547,0.01324588022912968,0.13441515918315347,1.9659574279668237,1.4884317997319467,1.5142420996251587,398.0,1.5013369496785527,0.012905149946606012,0.13112295571655386,1.9659423239762661,completed,True,COMPLETE
29,1.0980648667310196,2026-06-20 20:44:58.629110,2026-06-20 20:45:05.040759,0 days 00:00:06.411649,,,,,,,,,,,,,Ridge,,,,4,,,,,,0.9918196754768254,auto,,,,,,,False,-0.03804134044920989,-0.03226139052505773,398.0,-0.03515136548713381,0.0028899749620760833,0.02936363084056311,1.9659423239762661,1.0921002437121328,1.1040294897499063,398.0,1.0980648667310196,0.005964623018886808,0.060603635231462054,1.9659423239762661,363536562089350.75,417028363759085.25,398.0,390282462924218.0,26745900834867.27,271752097827578.12,1.9659423239762661,3.102939711476145,3.1352688328002856,398.0,3.119104272138215,0.01616456066207054,0.1642402436732363,1.9659423239762661,0.9681300465919206,0.9815494517246229,398.0,0.9748397491582718,0.006709702566351148,0.06817402634754284,1.9659423239762661,399.0,0.5012531328320802,-0.012887598388321321,-0.003874819636381756,398.0,-0.008381209012351539,0.004506389375969783,0.04578723199897696,1.9659423239762661,Ridge,"{'mode': 'original', 'type': 'Ridge'}",4,"['nodes_T6W30', 'pe_T6W30', 'l2_T6W30', 'asp_T6W30']",0.08326328815245107,0.10647771819785101,398.0,0.09487050317515104,0.011607215022699973,0.11793526985048927,1.9659423239762661,1.3809845919028672,1.3960046548153662,398.0,1.3884946233591167,0.0075100314562495584,0.07630577917668584,1.9659423239762661,completed,False,COMPLETE
30,2.937539928252003,2026-06-20 20:45:05.088695,2026-06-20 20:46:02.652229,0 days 00:00:57.563534,,,,,,,,,0.07639195106354932,,,,GaussianProcessRegressor,,,,6,7.0,5.0,20.0,,ExtraTrees,,,,,,,,,,-1.7962138038436697,-1.759780116509695,398.0,-1.7779969601766823,0.018216843666987347,0.18509249371953002,1.9659423239762661,2.9320830845698187,2.942996771934187,398.0,2.937539928252003,0.005456843682184329,0.05544433621086208,1.9659423239762661,0.968656656599396,0.9726672413808487,398.0,0.9706619489901224,0.0020052923907263624,0.020374801256540773,1.9659423239762661,5.956296093430447,5.988566061958023,398.0,5.972431077694235,0.016134984263787597,0.1639397322666773,1.9659423239762661,3.0,3.0,398.0,3.0,0.0,0.0,1.9659423239762661,399.0,1.0,-4.623621847790447,-4.501170091240895,398.0,-4.562395969515671,0.06122587827477568,0.6220863886856178,1.9659423239762661,GaussianProcessRegressor,"{'mode': 'proxy', 'type': 'ExtraTrees', 'n_estimators': 20, 'max_depth': 7, 'min_samples_split': 5}",6,"['edges_T6W30', 're_T6W30', 'pe_T6W30', 'l2_T6W30', 'lsc_T6W30', 'density_T6W30']",0.08136458100316919,0.10492483416322056,398.0,0.09314470758319487,0.011780126580025682,0.11969214013622059,1.9659423239762661,3.2439416126991616,3.2522408562190503,398.0,3.248091234459106,0.004149621759944492,0.04216228966891998,1.9659423239762661,completed,True,COMPLETE
31,1.076455003053853,2026-06-20 20:46:02.670236,2026-06-20 20:46:08.915100,0 days 00:00:06.244864,,,,0.8176419854703978,1.0,,,,,,,,ElasticNet,,,,7,,,,,,,,,,,,,,False,-0.015104086265177721,-0.01425780289483168,398.0,-0.0146809445800047,0.000423141685173021,0.004299336983787771,1.9659423239762661,1.071190525284975,1.0817194808227313,398.0,1.076455003053853,0.0052644777688781175,0.05348979967031932,1.9659423239762661,361167972822415.06,414355531595812.3,398.0,387761752209113.7,26593779386698.617,270206465735406.9,1.9659423239762661,3.06093915844491,3.0720504584544805,398.0,3.0664948084496952,0.0055556500047854954,0.056448259227374994,1.9659423239762661,0.9361083452410985,0.9447366243256754,398.0,0.940422484783387,0.004314139542288457,0.043833874887079086,1.9659423239762661,399.0,1.0,-0.003101495674924018,-0.002345473817801534,398.0,-0.002723484746362776,0.00037801092856124197,0.00384078530285847,1.9659423239762661,ElasticNet,"{'mode': 'original', 'type': 'ElasticNet'}",7,"['l3_T6W30', 'lcc_T6W30', 'lsc_T6W30', 'atd_T6W30', 'density_T6W30', 'diameter_T6W30', 'asp_T6W30']",,,,,,,,1.377783318261774,1.3927662110610435,398.0,1.3852747646614088,0.007491446399634751,0.07611694545018319,1.9659423239762661,completed,False,COMPLETE
32,1.1482143895905796,2026-06-20 20:46:08.966782,2026-06-20 20:50:38.628038,0 days 00:04:29.661256,479.0,,,,,,,,,,,,BaggingRegressor,,,,7,,,,3.537362005314271,LinearSVC,,,,,,0.6950808521323383,,,False,-0.0881754526930621,-0.07693438380382997,398.0,-0.08255491824844603,0.005620534444616056,0.05710751848168792,1.9659423239762661,1.1403890488924713,1.156039730288688,398.0,1.1482143895905796,0.00782534069810846,0.07950948311878209,1.9659423239762661,351014501343145.75,403954272009590.1,398.0,377484386676367.94,26469885333222.22,268947638480028.72,1.9659423239762661,3.4836255715206876,3.575525437525937,398.0,3.5295755045233124,0.04594993300262455,0.46687493405423963,1.9659423239762661,0.9831261469130067,1.006733680107572,398.0,0.9949299135102893,0.011803766597282562,0.11993233486070946,1.9659423239762661,399.0,0.7368421052631579,-0.09058090477725067,-0.06807505306496964,398.0,-0.07932797892111015,0.011252925856140523,0.11433550984073852,1.9659423239762661,BaggingRegressor,"{'mode': 'proxy', 'type': 'LinearSVC', 'C': 3.537362005314271, 'epsilon': 0.6950808521323383}",7,"['edges_T6W30', 're_T6W30', 'pe_T6W30', 'l1_T6W30', 'lcc_T6W30', 'atd_T6W30', 'asp_T6W30']",0.09634482706887566,0.12271167223891484,398.0,0.10952824965389525,0.013183422585019585,0.13395034873366699,1.9659423239762661,1.4248185630350307,1.4440593361522893,398.0,1.43443894959366,0.00962038655862918,0.09774807157781375,1.9659423239762661,completed,False,COMPLETE
33,1.076455003053853,2026-06-20 20:50:38.646697,2026-06-20 20:50:44.997014,0 days 00:00:06.350317,,,,0.9588503792117052,1.0,,,,,,,,ElasticNet,,,,4,,,,,,,,,,,,,,False,-0.015104086265177721,-0.01425780289483168,398.0,-0.0146809445800047,0.000423141685173021,0.004299336983787771,1.9659423239762661,1.071190525284975,1.0817194808227313,398.0,1.076455003053853,0.0052644777688781175,0.05348979967031932,1.9659423239762661,361167972822415.06,414355531595812.3,398.0,387761752209113.7,26593779386698.617,270206465735406.9,1.9659423239762661,3.06093915844491,3.0720504584544805,398.0,3.0664948084496952,0.0055556500047854954,0.056448259227374994,1.9659423239762661,0.9361083452410985,0.9447366243256754,398.0,0.940422484783387,0.004314139542288457,0.043833874887079086,1.9659423239762661,399.0,1.0,-0.003101495674924018,-0.002345473817801534,398.0,-0.002723484746362776,0.00037801092856124197,0.00384078530285847,1.9659423239762661,ElasticNet,"{'mode': 'original', 'type': 'ElasticNet'}",4,"['atd_T6W30', 'density_T6W30', 'diameter_T6W30', 'asp_T6W30']",,,,,,,,1.377783318261774,1.3927662110610435,398.0,1.3852747646614088,0.007491446399634751,0.07611694545018319,1.9659423239762661,completed,False,COMPLETE
34,1.076455003053853,2026-06-20 20:50:45.015422,2026-06-20 20:50:51.205821,0 days 00:00:06.190399,,,,0.9479621211939119,1.0,,,,,,,,ElasticNet,,,,4,,,,,,,,,,,,,,False,-0.015104086265177721,-0.01425780289483168,398.0,-0.0146809445800047,0.000423141685173021,0.004299336983787771,1.9659423239762661,1.071190525284975,1.0817194808227313,398.0,1.076455003053853,0.0052644777688781175,0.05348979967031932,1.9659423239762661,361167972822415.06,414355531595812.3,398.0,387761752209113.7,26593779386698.617,270206465735406.9,1.9659423239762661,3.06093915844491,3.0720504584544805,398.0,3.0664948084496952,0.0055556500047854954,0.056448259227374994,1.9659423239762661,0.9361083452410985,0.9447366243256754,398.0,0.940422484783387,0.004314139542288457,0.043833874887079086,1.9659423239762661,399.0,1.0,-0.003101495674924018,-0.002345473817801534,398.0,-0.002723484746362776,0.00037801092856124197,0.00384078530285847,1.9659423239762661,ElasticNet,"{'mode': 'original', 'type': 'ElasticNet'}",4,"['atd_T6W30', 'density_T6W30', 'diameter_T6W30', 'asp_T6W30']",,,,,,,,1.377783318261774,1.3927662110610435,398.0,1.3852747646614088,0.007491446399634751,0.07611694545018319,1.9659423239762661,completed,False,COMPLETE
35,1.0879590196042024,2026-06-20 20:50:51.224082,2026-06-20 20:50:57.548194,0 days 00:00:06.324112,,,,,,,,,,,,,Ridge,,,,2,,,,,,0.12401780833620224,svd,,,,,,,False,-0.027205445395267286,-0.023877272676818148,398.0,-0.025541359036042717,0.00166408635922457,0.016907972622705564,1.9659423239762661,1.08241444572309,1.0935035934853148,398.0,1.0879590196042024,0.005544573881112354,0.05633572011857631,1.9659423239762661,363001501248139.7,416444170985351.06,398.0,389722836116745.4,26721334868605.676,271502494985334.5,1.9659423239762661,3.1328371313930887,3.1530264727672526,398.0,3.1429318020801706,0.010094670687081723,0.10256704206862179,1.9659423239762661,0.9759588497400156,0.9843777995943093,398.0,0.9801683246671624,0.004209474927146857,0.04277042860764152,1.9659423239762661,399.0,0.7518796992481203,-0.015980543832299795,-0.01168134369890033,398.0,-0.013830943765600063,0.0021496000666997323,0.02184104140752727,1.9659423239762661,Ridge,"{'mode': 'original', 'type': 'Ridge'}",2,"['diameter_T6W30', 'asp_T6W30']",-0.025683015740655867,-0.0009280444608680966,398.0,-0.013305530100761982,0.012377485639893885,0.1257616151813037,1.9659423239762661,1.3852162956992593,1.4003980894355934,398.0,1.3928071925674264,0.007590896868167015,0.07712741332039776,1.9659423239762661,completed,False,COMPLETE
36,1.076455003053853,2026-06-20 20:50:57.566636,2026-06-20 20:51:03.659860,0 days 00:00:06.093224,,,,0.946968164535578,1.0,,,,,,,,ElasticNet,,,,3,,,,,,,,,,,,,,True,-0.015104086265177721,-0.01425780289483168,398.0,-0.0146809445800047,0.000423141685173021,0.004299336983787771,1.9659423239762661,1.071190525284975,1.0817194808227313,398.0,1.076455003053853,0.0052644777688781175,0.05348979967031932,1.9659423239762661,361167972822415.06,414355531595812.3,398.0,387761752209113.7,26593779386698.617,270206465735406.9,1.9659423239762661,3.06093915844491,3.0720504584544805,398.0,3.0664948084496952,0.0055556500047854954,0.056448259227374994,1.9659423239762661,0.9361083452410985,0.9447366243256754,398.0,0.940422484783387,0.004314139542288457,0.043833874887079086,1.9659423239762661,399.0,1.0,-0.003101495674924018,-0.002345473817801534,398.0,-0.002723484746362776,0.00037801092856124197,0.00384078530285847,1.9659423239762661,ElasticNet,"{'mode': 'original', 'type': 'ElasticNet'}",3,"['density_T6W30', 'diameter_T6W30', 'asp_T6W30']",,,,,,,,1.377783318261774,1.3927662110610435,398.0,1.3852747646614088,0.007491446399634751,0.07611694545018319,1.9659423239762661,completed,True,COMPLETE
37,1.105262173268995,2026-06-20 20:51:03.693472,2026-06-20 20:51:10.032086,0 days 00:00:06.338614,,,,,,,,,,,,,LinearRegression,,,,5,,,,,,,,,,,,,,False,-0.04620498479573136,-0.03824585234266034,398.0,-0.04222541856919585,0.00397956622653551,0.04043443805396024,1.9659423239762661,1.0991232038685625,1.1114011426694272,398.0,1.105262173268995,0.006138969400432385,0.062375084068657036,1.9659423239762661,345758926028424.7,397142914393274.8,398.0,371450920210849.75,25691994182425.08,261043864611434.66,1.9659423239762661,3.304751300926372,3.3942009003100115,398.0,3.3494761006181917,0.04472479969181982,0.4544269499917396,1.9659423239762661,0.9839877035308556,0.9966573825546704,398.0,0.990322543042763,0.006334839511907421,0.06436522506348462,1.9659423239762661,399.0,0.5789473684210527,-0.03847891744291371,-0.022544998030477326,398.0,-0.030511957736695516,0.007966959706218192,0.0809484050225046,1.9659423239762661,LinearRegression,"{'mode': 'original', 'type': 'LinearRegression'}",5,"['edges_T6W30', 'pe_T6W30', 'l1_T6W30', 'atd_T6W30', 'density_T6W30']",0.08579593812871257,0.11082443011752689,398.0,0.09831018412311973,0.012514245994407164,0.12715117066751028,1.9659423239762661,1.3945595727832438,1.410445251464598,398.0,1.402502412123921,0.007942839340676971,0.08070332971258458,1.9659423239762661,completed,False,COMPLETE
38,1.076455003053853,2026-06-20 20:51:10.068935,2026-06-20 20:51:16.299012,0 days 00:00:06.230077,,,,0.8251431364990509,1.0,,,,,,,,ElasticNet,,,,3,,,,,,,,,,,,,,True,-0.015104086265177721,-0.01425780289483168,398.0,-0.0146809445800047,0.000423141685173021,0.004299336983787771,1.9659423239762661,1.071190525284975,1.0817194808227313,398.0,1.076455003053853,0.0052644777688781175,0.05348979967031932,1.9659423239762661,361167972822415.06,414355531595812.3,398.0,387761752209113.7,26593779386698.617,270206465735406.9,1.9659423239762661,3.06093915844491,3.0720504584544805,398.0,3.0664948084496952,0.0055556500047854954,0.056448259227374994,1.9659423239762661,0.9361083452410985,0.9447366243256754,398.0,0.940422484783387,0.004314139542288457,0.043833874887079086,1.9659423239762661,399.0,1.0,-0.003101495674924018,-0.002345473817801534,398.0,-0.002723484746362776,0.00037801092856124197,0.00384078530285847,1.9659423239762661,ElasticNet,"{'mode': 'original', 'type': 'ElasticNet'}",3,"['density_T6W30', 'diameter_T6W30', 'asp_T6W30']",,,,,,,,1.377783318261774,1.3927662110610435,398.0,1.3852747646614088,0.007491446399634751,0.07611694545018319,1.9659423239762661,completed,True,COMPLETE
39,1.1657601346568602,2026-06-20 20:51:16.318052,2026-06-20 20:52:43.050002,0 days 00:01:26.731950,151.0,,,,,,,,,,,,BaggingRegressor,,,,5,7.0,5.0,60.0,,ExtraTrees,,,,,,,,,False,-0.10525884482987538,-0.09289194007748985,398.0,-0.09907539245368262,0.006183452376192758,0.06282705396322628,1.9659423239762661,1.1573961085829527,1.1741241607307678,398.0,1.1657601346568602,0.008364026073907602,0.08498280337994206,1.9659423239762661,360898149951761.6,416830828992514.9,398.0,388864489472138.25,27966339520376.633,284152382084399.2,1.9659423239762661,3.6481297969515394,3.758532554290804,398.0,3.7033311756211718,0.055201378669632366,0.5608743765658086,1.9659423239762661,0.9617721793002122,0.987836942842894,398.0,0.9748045610715531,0.013032381771340917,0.13241569644327736,1.9659423239762661,399.0,0.9122807017543859,-0.16285285589785822,-0.138364186809781,398.0,-0.1506085213538196,0.012244334544038619,0.12440873161794515,1.9659423239762661,BaggingRegressor,"{'mode': 'proxy', 'type': 'ExtraTrees', 'n_estimators': 60, 'max_depth': 7, 'min_samples_split': 5}",5,"['edges_T6W30', 're_T6W30', 'pe_T6W30', 'lsc_T6W30', 'density_T6W30']",0.03631595524099248,0.060939996857127095,398.0,0.04862797604905979,0.012312020808067306,0.12509645884603418,1.9659423239762661,1.4709006540159455,1.4909579711086909,398.0,1.4809293125623182,0.010028658546372709,0.10189632479383186,1.9659423239762661,completed,False,COMPLETE
40,1.1644948451905845,2026-06-20 20:52:43.170416,2026-06-20 20:52:54.098934,0 days 00:00:10.928518,,,,,,,,,,,,,RandomForestRegressor,8.0,8.0,13.0,4,,,,,,,,,,,,,,False,-0.10407188624592204,-0.09158309812288012,398.0,-0.09782749218440108,0.006244394061520959,0.06344625280552128,1.9659423239762661,1.156017436853755,1.172972253527414,398.0,1.1644948451905845,0.008477408336829499,0.08613482544103096,1.9659423239762661,351928002659413.8,406973239346955.56,398.0,379450621003184.7,27522618343770.883,279643946891371.88,1.9659423239762661,3.5141164709459494,3.623484386798693,398.0,3.568800428872321,0.05468395792637193,0.555617115899635,1.9659423239762661,0.9889242348825136,1.0143388140599947,398.0,1.0016315244712541,0.012707289588740619,0.12911259279556597,1.9659423239762661,399.0,0.8421052631578947,-0.1351683785747672,-0.110730569490406,398.0,-0.1229494740325866,0.012218904542180612,0.12415034972999381,1.9659423239762661,RandomForestRegressor,"{'mode': 'original', 'type': 'RandomForestRegressor'}",4,"['pe_T6W30', 'l1_T6W30', 'lsc_T6W30', 'asp_T6W30']",0.05019786496755389,0.07573004300947071,398.0,0.0629639539885123,0.012766089020958413,0.12971002524530517,1.9659423239762661,1.4528211320284323,1.4734616453758278,398.0,1.46314138870213,0.010320256673697825,0.10485911162656734,1.9659423239762661,completed,False,COMPLETE
41,1.076455003053853,2026-06-20 20:52:54.117702,2026-06-20 20:53:00.413201,0 days 00:00:06.295499,,,,0.9968919510307396,1.0,,,,,,,,ElasticNet,,,,4,,,,,,,,,,,,,,False,-0.015104086265177721,-0.01425780289483168,398.0,-0.0146809445800047,0.000423141685173021,0.004299336983787771,1.9659423239762661,1.071190525284975,1.0817194808227313,398.0,1.076455003053853,0.0052644777688781175,0.05348979967031932,1.9659423239762661,361167972822415.06,414355531595812.3,398.0,387761752209113.7,26593779386698.617,270206465735406.9,1.9659423239762661,3.06093915844491,3.0720504584544805,398.0,3.0664948084496952,0.0055556500047854954,0.056448259227374994,1.9659423239762661,0.9361083452410985,0.9447366243256754,398.0,0.940422484783387,0.004314139542288457,0.043833874887079086,1.9659423239762661,399.0,1.0,-0.003101495674924018,-0.002345473817801534,398.0,-0.002723484746362776,0.00037801092856124197,0.00384078530285847,1.9659423239762661,ElasticNet,"{'mode': 'original', 'type': 'ElasticNet'}",4,"['atd_T6W30', 'density_T6W30', 'diameter_T6W30', 'asp_T6W30']",,,,,,,,1.377783318261774,1.3927662110610435,398.0,1.3852747646614088,0.007491446399634751,0.07611694545018319,1.9659423239762661,completed,False,COMPLETE
42,1.076455003053853,2026-06-20 20:53:00.458105,2026-06-20 20:53:06.594964,0 days 00:00:06.136859,,,,0.8726701735023346,1.0,,,,,,,,ElasticNet,,,,7,,,,,,,,,,,,,,False,-0.015104086265177721,-0.01425780289483168,398.0,-0.0146809445800047,0.000423141685173021,0.004299336983787771,1.9659423239762661,1.071190525284975,1.0817194808227313,398.0,1.076455003053853,0.0052644777688781175,0.05348979967031932,1.9659423239762661,361167972822415.06,414355531595812.3,398.0,387761752209113.7,26593779386698.617,270206465735406.9,1.9659423239762661,3.06093915844491,3.0720504584544805,398.0,3.0664948084496952,0.0055556500047854954,0.056448259227374994,1.9659423239762661,0.9361083452410985,0.9447366243256754,398.0,0.940422484783387,0.004314139542288457,0.043833874887079086,1.9659423239762661,399.0,1.0,-0.003101495674924018,-0.002345473817801534,398.0,-0.002723484746362776,0.00037801092856124197,0.00384078530285847,1.9659423239762661,ElasticNet,"{'mode': 'original', 'type': 'ElasticNet'}",7,"['l3_T6W30', 'lcc_T6W30', 'lsc_T6W30', 'atd_T6W30', 'density_T6W30', 'diameter_T6W30', 'asp_T6W30']",,,,,,,,1.377783318261774,1.3927662110610435,398.0,1.3852747646614088,0.007491446399634751,0.07611694545018319,1.9659423239762661,completed,False,COMPLETE
43,1.076455003053853,2026-06-20 20:53:06.634329,2026-06-20 20:53:13.017887,0 days 00:00:06.383558,,,,0.860605287331963,1.0,,,,,,,,ElasticNet,,,,4,,,,,,,,,,,,,,False,-0.015104086265177721,-0.01425780289483168,398.0,-0.0146809445800047,0.000423141685173021,0.004299336983787771,1.9659423239762661,1.071190525284975,1.0817194808227313,398.0,1.076455003053853,0.0052644777688781175,0.05348979967031932,1.9659423239762661,361167972822415.06,414355531595812.3,398.0,387761752209113.7,26593779386698.617,270206465735406.9,1.9659423239762661,3.06093915844491,3.0720504584544805,398.0,3.0664948084496952,0.0055556500047854954,0.056448259227374994,1.9659423239762661,0.9361083452410985,0.9447366243256754,398.0,0.940422484783387,0.004314139542288457,0.043833874887079086,1.9659423239762661,399.0,1.0,-0.003101495674924018,-0.002345473817801534,398.0,-0.002723484746362776,0.00037801092856124197,0.00384078530285847,1.9659423239762661,ElasticNet,"{'mode': 'original', 'type': 'ElasticNet'}",4,"['atd_T6W30', 'density_T6W30', 'diameter_T6W30', 'asp_T6W30']",,,,,,,,1.377783318261774,1.3927662110610435,398.0,1.3852747646614088,0.007491446399634751,0.07611694545018319,1.9659423239762661,completed,False,COMPLETE
44,1.076455003053853,2026-06-20 20:53:13.035592,2026-06-20 20:53:19.286534,0 days 00:00:06.250942,,,,0.8341715591397825,1.0,,,,,,,,ElasticNet,,,,2,,,,,,,,,,,,,,True,-0.015104086265177721,-0.01425780289483168,398.0,-0.0146809445800047,0.000423141685173021,0.004299336983787771,1.9659423239762661,1.071190525284975,1.0817194808227313,398.0,1.076455003053853,0.0052644777688781175,0.05348979967031932,1.9659423239762661,361167972822415.06,414355531595812.3,398.0,387761752209113.7,26593779386698.617,270206465735406.9,1.9659423239762661,3.06093915844491,3.0720504584544805,398.0,3.0664948084496952,0.0055556500047854954,0.056448259227374994,1.9659423239762661,0.9361083452410985,0.9447366243256754,398.0,0.940422484783387,0.004314139542288457,0.043833874887079086,1.9659423239762661,399.0,1.0,-0.003101495674924018,-0.002345473817801534,398.0,-0.002723484746362776,0.00037801092856124197,0.00384078530285847,1.9659423239762661,ElasticNet,"{'mode': 'original', 'type': 'ElasticNet'}",2,"['diameter_T6W30', 'asp_T6W30']",,,,,,,,1.377783318261774,1.3927662110610435,398.0,1.3852747646614088,0.007491446399634751,0.07611694545018319,1.9659423239762661,completed,True,COMPLETE
45,1.1410093461041277,2026-06-20 20:53:19.372402,2026-06-20 20:53:37.054074,0 days 00:00:17.681672,,,,,,20.0,8.0,52.0,,,,,ExtraTreesRegressor,,,,5,,,,,,,,,,,,,,False,-0.08139916258058175,-0.07019676261273988,398.0,-0.07579796259666081,0.005601199983920937,0.05691107042459299,1.9659423239762661,1.133296721305895,1.1487219709023604,398.0,1.1410093461041277,0.007712624798232691,0.07836423164870142,1.9659423239762661,340506723959739.4,392246442922429.9,398.0,366376583441084.6,25869859481345.273,262851067457609.88,1.9659423239762661,3.4421225362164343,3.5133322915811425,398.0,3.4777274138987884,0.03560487768235416,0.3617638554338892,1.9659423239762661,0.940995275216613,0.9643628452993215,398.0,0.9526790602579672,0.011683785041354243,0.11871326059114394,1.9659423239762661,399.0,0.7919799498746867,-0.09278688381779987,-0.07243082295235478,398.0,-0.08260885338507733,0.010178030432722541,0.10341401992485963,1.9659423239762661,ExtraTreesRegressor,"{'mode': 'original', 'type': 'ExtraTreesRegressor'}",5,"['edges_T6W30', 'pe_T6W30', 'l2_T6W30', 'lsc_T6W30', 'density_T6W30']",0.07810117997255912,0.10210924887804028,398.0,0.0901052144252997,0.01200403445274058,0.12196715919450783,1.9659423239762661,1.4279325421405582,1.4458637752814927,398.0,1.4368981587110254,0.008965616570467332,0.09109527199644556,1.9659423239762661,completed,False,COMPLETE
46,1.0951018415432912,2026-06-20 20:53:37.071919,2026-06-20 20:53:43.252619,0 days 00:00:06.180700,,,,,,,,,,,,,LinearRegression,,,,3,,,,,,,,,,,,,,False,-0.03486777709266024,-0.02972282120825051,398.0,-0.03229529915045538,0.0025724779422048667,0.026137697949511342,1.9659423239762661,1.0891796560199778,1.1010240270666045,398.0,1.0951018415432912,0.005922185523313307,0.06017244846681163,1.9659423239762661,360117966622186.4,413310281087132.6,398.0,386714123854659.5,26596157232473.098,270230625870506.28,1.9659423239762661,3.140237956347046,3.172103463623527,398.0,3.1561707099852865,0.015932753638240756,0.1618849651800629,1.9659423239762661,0.9856188386307495,0.9977082023872087,398.0,0.9916635205089791,0.0060446818782295955,0.06141707438650906,1.9659423239762661,399.0,0.6015037593984962,-0.022106860658045485,-0.013732210729913458,398.0,-0.01791953569397947,0.004187324964066015,0.042545373599354966,1.9659423239762661,LinearRegression,"{'mode': 'original', 'type': 'LinearRegression'}",3,"['pe_T6W30', 'atd_T6W30', 'density_T6W30']",0.020472975039041254,0.044828039991512476,398.0,0.032650507515276865,0.01217753247623561,0.12372998827791819,1.9659423239762661,1.3875433388307574,1.4029017114925024,398.0,1.39522252516163,0.0076791863308724225,0.07802447963550896,1.9659423239762661,completed,False,COMPLETE
47,1.3119444478759277,2026-06-20 20:53:43.270005,2026-06-20 20:53:50.662303,0 days 00:00:07.392298,,,,,,,,,,,,,SVR,,,,6,,,,0.11206312967203368,LinearSVC,,,,97.42453936176209,,1.3925602367019345,auto,rbf,,-0.24879932654061704,-0.22724636017769462,398.0,-0.23802284335915583,0.010776483181461216,0.10949460741093907,1.9659423239762661,1.3004290771047815,1.3234598186470738,398.0,1.3119444478759277,0.011515370771146123,0.11700208505378858,1.9659423239762661,361755014712428.8,416244786065036.2,398.0,388999900388732.5,27244885676303.7,276822040256577.84,1.9659423239762661,3.8449420676276036,3.963365027525475,398.0,3.904153547576539,0.05921147994893544,0.6016190664485667,1.9659423239762661,1.1223485312154564,1.1540834458449603,398.0,1.1382159885302083,0.01586745731475199,0.16122152097610593,1.9659423239762661,399.0,0.9799498746867168,-0.4150595346386679,-0.36927547722513926,398.0,-0.3921675059319036,0.022892028706764305,0.23259477641083587,1.9659423239762661,SVR,"{'mode': 'proxy', 'type': 'LinearSVC', 'C': 0.11206312967203368, 'epsilon': 1.3925602367019345}",6,"['nodes_T6W30', 're_T6W30', 'l1_T6W30', 'l3_T6W30', 'lcc_T6W30', 'asp_T6W30']",0.07586147166891784,0.1011321564869496,398.0,0.08849681407793372,0.012635342409015884,0.12838157247422066,1.9659423239762661,1.6112724407673247,1.6371464041816528,398.0,1.6242094224744887,0.012936981707164069,0.13144638276291157,1.9659423239762661,completed,True,COMPLETE
48,2.937539928252003,2026-06-20 20:53:50.680431,2026-06-20 20:55:18.587029,0 days 00:01:27.906598,,,,,,,,,1.930729529713665e-06,,,,GaussianProcessRegressor,,,,5,3.0,5.0,60.0,,ExtraTrees,,,,,,,,,,-1.7962138038436697,-1.759780116509695,398.0,-1.7779969601766823,0.018216843666987347,0.18509249371953002,1.9659423239762661,2.9320830845698187,2.942996771934187,398.0,2.937539928252003,0.005456843682184329,0.05544433621086208,1.9659423239762661,0.968656656599396,0.9726672413808487,398.0,0.9706619489901224,0.0020052923907263624,0.020374801256540773,1.9659423239762661,5.956296093430447,5.988566061958023,398.0,5.972431077694235,0.016134984263787597,0.1639397322666773,1.9659423239762661,3.0,3.0,398.0,3.0,0.0,0.0,1.9659423239762661,399.0,1.0,-4.623621847790447,-4.501170091240895,398.0,-4.562395969515671,0.06122587827477568,0.6220863886856178,1.9659423239762661,GaussianProcessRegressor,"{'mode': 'proxy', 'type': 'ExtraTrees', 'n_estimators': 60, 'max_depth': 3, 'min_samples_split': 5}",5,"['nodes_T6W30', 'edges_T6W30', 're_T6W30', 'pe_T6W30', 'l2_T6W30']",,,,,,,,3.2439416126991616,3.2522408562190503,398.0,3.248091234459106,0.004149621759944492,0.04216228966891998,1.9659423239762661,completed,True,COMPLETE
49,1.1262332438843876,2026-06-20 20:55:18.623976,2026-06-20 20:55:25.025696,0 days 00:00:06.401720,,,,,,,,,,euclidean,19.0,distance,KNeighborsRegressor,,,,8,,,,0.08821810977130325,LinearSVC,,,,,,0.0013615501792384774,,,,-0.06554070378601393,-0.05794252086521432,398.0,-0.06174161232561412,0.003799091460399801,0.038600721679809026,1.9659423239762661,1.1196716903057615,1.1327947974630137,398.0,1.1262332438843876,0.0065615535786260285,0.06666875649501842,1.9659423239762661,365031636133952.06,419206623102865.06,398.0,392119129618408.56,27087493484456.492,275222854699873.75,1.9659423239762661,3.2508112011790242,3.299674586063418,398.0,3.275242893621221,0.024431692442196933,0.2482385512321126,1.9659423239762661,0.9631611934087082,0.9821882086288795,398.0,0.9726747010187938,0.009513507610085653,0.09666212653301479,1.9659423239762661,399.0,0.706766917293233,-0.04647295827244296,-0.03336723611038749,398.0,-0.039920097191415226,0.006552861081027735,0.06658043625214151,1.9659423239762661,KNeighborsRegressor,"{'mode': 'proxy', 'type': 'LinearSVC', 'C': 0.08821810977130325, 'epsilon': 0.0013615501792384774}",8,"['nodes_T6W30', 'edges_T6W30', 'pe_T6W30', 'l1_T6W30', 'lcc_T6W30', 'atd_T6W30', 'density_T6W30', 'asp_T6W30']",0.05109150272599516,0.07533604380285552,398.0,0.06321377326442534,0.012122270538430185,0.12316849858940998,1.9659423239762661,1.401397741108984,1.4180727828933424,398.0,1.4097352620011632,0.00833752089217925,0.08471349711194785,1.9659423239762661,completed,True,COMPLETE
50,1.0975841712627965,2026-06-20 20:55:25.043745,2026-06-20 20:56:31.866662,0 days 00:01:06.822917,,,,,,,,,,,,,RandomForestRegressor,2.0,2.0,189.0,4,,,,,,,,,,,,,,False,-0.0377963730181248,-0.03142026666142356,398.0,-0.03460831983977418,0.0031880531783506244,0.03239225870729434,1.9659423239762661,1.091292558607225,1.103875783918368,398.0,1.0975841712627965,0.00629161265557133,0.06392601798781529,1.9659423239762661,360848360109449.0,414816466436590.4,398.0,387832413273019.7,26984053163570.664,274171847879268.3,1.9659423239762661,3.1934242730824685,3.2562506167294125,398.0,3.2248374449059405,0.031413171823472114,0.3191739696917589,1.9659423239762661,0.9742096396138865,0.9877938797382079,398.0,0.9810017596760472,0.0067921200621606625,0.06901143046125036,1.9659423239762661,399.0,0.5989974937343359,-0.026116543463546436,-0.015250478622308668,398.0,-0.020683511042927552,0.0054330324206188834,0.05520240155619172,1.9659423239762661,RandomForestRegressor,"{'mode': 'original', 'type': 'RandomForestRegressor'}",4,"['pe_T6W30', 'l2_T6W30', 'lsc_T6W30', 'diameter_T6W30']",0.07301563715562741,0.09610559563510339,398.0,0.0845606163953654,0.011544979239737992,0.11730292231116796,1.9659423239762661,1.3889666821062108,1.4046105110267113,398.0,1.396788596566461,0.007821914460250266,0.0794746707813189,1.9659423239762661,completed,False,COMPLETE
51,1.076455003053853,2026-06-20 20:56:31.886404,2026-06-20 20:56:38.029831,0 days 00:00:06.143427,,,,0.9974584388289175,1.0,,,,,,,,ElasticNet,,,,3,,,,,,,,,,,,,,True,-0.015104086265177721,-0.01425780289483168,398.0,-0.0146809445800047,0.000423141685173021,0.004299336983787771,1.9659423239762661,1.071190525284975,1.0817194808227313,398.0,1.076455003053853,0.0052644777688781175,0.05348979967031932,1.9659423239762661,361167972822415.06,414355531595812.3,398.0,387761752209113.7,26593779386698.617,270206465735406.9,1.9659423239762661,3.06093915844491,3.0720504584544805,398.0,3.0664948084496952,0.0055556500047854954,0.056448259227374994,1.9659423239762661,0.9361083452410985,0.9447366243256754,398.0,0.940422484783387,0.004314139542288457,0.043833874887079086,1.9659423239762661,399.0,1.0,-0.003101495674924018,-0.002345473817801534,398.0,-0.002723484746362776,0.00037801092856124197,0.00384078530285847,1.9659423239762661,ElasticNet,"{'mode': 'original', 'type': 'ElasticNet'}",3,"['density_T6W30', 'diameter_T6W30', 'asp_T6W30']",,,,,,,,1.377783318261774,1.3927662110610435,398.0,1.3852747646614088,0.007491446399634751,0.07611694545018319,1.9659423239762661,completed,True,COMPLETE
52,1.076455003053853,2026-06-20 20:56:38.047415,2026-06-20 20:56:44.358294,0 days 00:00:06.310879,,,,0.9352111272230508,1.0,,,,,,,,ElasticNet,,,,2,,,,,,,,,,,,,,True,-0.015104086265177721,-0.01425780289483168,398.0,-0.0146809445800047,0.000423141685173021,0.004299336983787771,1.9659423239762661,1.071190525284975,1.0817194808227313,398.0,1.076455003053853,0.0052644777688781175,0.05348979967031932,1.9659423239762661,361167972822415.06,414355531595812.3,398.0,387761752209113.7,26593779386698.617,270206465735406.9,1.9659423239762661,3.06093915844491,3.0720504584544805,398.0,3.0664948084496952,0.0055556500047854954,0.056448259227374994,1.9659423239762661,0.9361083452410985,0.9447366243256754,398.0,0.940422484783387,0.004314139542288457,0.043833874887079086,1.9659423239762661,399.0,1.0,-0.003101495674924018,-0.002345473817801534,398.0,-0.002723484746362776,0.00037801092856124197,0.00384078530285847,1.9659423239762661,ElasticNet,"{'mode': 'original', 'type': 'ElasticNet'}",2,"['diameter_T6W30', 'asp_T6W30']",,,,,,,,1.377783318261774,1.3927662110610435,398.0,1.3852747646614088,0.007491446399634751,0.07611694545018319,1.9659423239762661,completed,True,COMPLETE
53,1.076455003053853,2026-06-20 20:56:44.395838,2026-06-20 20:56:50.775019,0 days 00:00:06.379181,,,,0.6306816049219393,1.0,,,,,,,,ElasticNet,,,,3,,,,,,,,,,,,,,True,-0.015104086265177721,-0.01425780289483168,398.0,-0.0146809445800047,0.000423141685173021,0.004299336983787771,1.9659423239762661,1.071190525284975,1.0817194808227313,398.0,1.076455003053853,0.0052644777688781175,0.05348979967031932,1.9659423239762661,361167972822415.06,414355531595812.3,398.0,387761752209113.7,26593779386698.617,270206465735406.9,1.9659423239762661,3.06093915844491,3.0720504584544805,398.0,3.0664948084496952,0.0055556500047854954,0.056448259227374994,1.9659423239762661,0.9361083452410985,0.9447366243256754,398.0,0.940422484783387,0.004314139542288457,0.043833874887079086,1.9659423239762661,399.0,1.0,-0.003101495674924018,-0.002345473817801534,398.0,-0.002723484746362776,0.00037801092856124197,0.00384078530285847,1.9659423239762661,ElasticNet,"{'mode': 'original', 'type': 'ElasticNet'}",3,"['density_T6W30', 'diameter_T6W30', 'asp_T6W30']",,,,,,,,1.377783318261774,1.3927662110610435,398.0,1.3852747646614088,0.007491446399634751,0.07611694545018319,1.9659423239762661,completed,True,COMPLETE
54,1.076455003053853,2026-06-20 20:56:50.863464,2026-06-20 20:56:57.228427,0 days 00:00:06.364963,,,,0.9280466910639538,1.0,,,,,,,,ElasticNet,,,,3,,,,,,,,,,,,,,True,-0.015104086265177721,-0.01425780289483168,398.0,-0.0146809445800047,0.000423141685173021,0.004299336983787771,1.9659423239762661,1.071190525284975,1.0817194808227313,398.0,1.076455003053853,0.0052644777688781175,0.05348979967031932,1.9659423239762661,361167972822415.06,414355531595812.3,398.0,387761752209113.7,26593779386698.617,270206465735406.9,1.9659423239762661,3.06093915844491,3.0720504584544805,398.0,3.0664948084496952,0.0055556500047854954,0.056448259227374994,1.9659423239762661,0.9361083452410985,0.9447366243256754,398.0,0.940422484783387,0.004314139542288457,0.043833874887079086,1.9659423239762661,399.0,1.0,-0.003101495674924018,-0.002345473817801534,398.0,-0.002723484746362776,0.00037801092856124197,0.00384078530285847,1.9659423239762661,ElasticNet,"{'mode': 'original', 'type': 'ElasticNet'}",3,"['density_T6W30', 'diameter_T6W30', 'asp_T6W30']",,,,,,,,1.377783318261774,1.3927662110610435,398.0,1.3852747646614088,0.007491446399634751,0.07611694545018319,1.9659423239762661,completed,True,COMPLETE
55,1.2671338476911231,2026-06-20 20:56:57.246610,2026-06-20 20:57:39.183555,0 days 00:00:41.936945,,,,,,,,,,,,,StackingRegressor,,,,4,8.0,4.0,40.0,,ExtraTrees,,,ExtraTreesRegressor,,,,,,True,-0.20352585112047397,-0.18675142181895446,398.0,-0.19513863646971422,0.008387214650759749,0.08521841123791302,1.9659423239762661,1.2572149764568126,1.2770527189254337,398.0,1.2671338476911231,0.009918871234310603,0.10078082928100793,1.9659423239762661,347300501988136.1,402750567310167.4,398.0,375025534649151.75,27725032661015.633,281700580380040.5,1.9659423239762661,3.7816561738589827,3.880950342431744,398.0,3.8313032581453634,0.04964708428638087,0.5044398911499047,1.9659423239762661,1.0521889381780252,1.0814451470350073,398.0,1.0668170426065162,0.014628104428490952,0.14862905871919682,1.9659423239762661,399.0,0.9824561403508771,-0.33080271017744123,-0.295820129456289,398.0,-0.3133114198168651,0.01749129036057609,0.1777204992475415,1.9659423239762661,StackingRegressor,"{'mode': 'proxy', 'type': 'ExtraTrees', 'n_estimators': 40, 'max_depth': 8, 'min_samples_split': 4}",4,"['edges_T6W30', 're_T6W30', 'pe_T6W30', 'density_T6W30']",-0.006453019927300109,0.019081018301992034,398.0,0.006313999187345962,0.012767019114646071,0.1297194754751687,1.9659423239762661,1.5686410057943427,1.5920036868845764,398.0,1.5803223463394596,0.01168134054511673,0.11868842325308689,1.9659423239762661,completed,True,COMPLETE
56,1.3494308274683737,2026-06-20 20:57:39.201364,2026-06-20 20:57:45.855493,0 days 00:00:06.654129,,20.0,20.0,,,,,,,,,,DecisionTreeRegressor,,,,5,,,,,,,,,,,,,,False,-0.2840667875672918,-0.26168630486291383,398.0,-0.2728765462151028,0.011190241352188983,0.11369860306555506,1.9659423239762661,1.3368266642214797,1.3620349907152678,398.0,1.3494308274683737,0.012604163246894041,0.12806477616336054,1.9659423239762661,372652952601013.9,435194692791408.0,398.0,403923822696210.94,31270870095197.05,317728111000290.75,1.9659423239762661,4.378497385838853,4.547735528017724,398.0,4.463116456928288,0.08461907108943599,0.8597732499926588,1.9659423239762661,1.0869738642293827,1.1204693237615366,398.0,1.1037215939954597,0.016747729766077076,0.17016554147421398,1.9659423239762661,399.0,0.9849624060150376,-0.5678405174693237,-0.5151759701259646,398.0,-0.5415082437976442,0.026332273671679556,0.26754943327689695,1.9659423239762661,DecisionTreeRegressor,"{'mode': 'original', 'type': 'DecisionTreeRegressor'}",5,"['edges_T6W30', 're_T6W30', 'pe_T6W30', 'lsc_T6W30', 'density_T6W30']",0.008136013027895876,0.035534284250780444,398.0,0.02183514863933816,0.013699135611442285,0.1391902581191335,1.9659423239762661,1.6941750032523808,1.7251361868777428,398.0,1.7096555950650618,0.01548059181268098,0.15729076865581537,1.9659423239762661,completed,False,COMPLETE
57,1.076455003053853,2026-06-20 20:57:45.875061,2026-06-20 20:57:52.251014,0 days 00:00:06.375953,,,,0.7908282421644052,1.0,,,,,,,,ElasticNet,,,,6,,,,,,,,,,,,,,True,-0.015104086265177721,-0.01425780289483168,398.0,-0.0146809445800047,0.000423141685173021,0.004299336983787771,1.9659423239762661,1.071190525284975,1.0817194808227313,398.0,1.076455003053853,0.0052644777688781175,0.05348979967031932,1.9659423239762661,361167972822415.06,414355531595812.3,398.0,387761752209113.7,26593779386698.617,270206465735406.9,1.9659423239762661,3.06093915844491,3.0720504584544805,398.0,3.0664948084496952,0.0055556500047854954,0.056448259227374994,1.9659423239762661,0.9361083452410985,0.9447366243256754,398.0,0.940422484783387,0.004314139542288457,0.043833874887079086,1.9659423239762661,399.0,1.0,-0.003101495674924018,-0.002345473817801534,398.0,-0.002723484746362776,0.00037801092856124197,0.00384078530285847,1.9659423239762661,ElasticNet,"{'mode': 'original', 'type': 'ElasticNet'}",6,"['lcc_T6W30', 'lsc_T6W30', 'atd_T6W30', 'density_T6W30', 'diameter_T6W30', 'asp_T6W30']",,,,,,,,1.377783318261774,1.3927662110610435,398.0,1.3852747646614088,0.007491446399634751,0.07611694545018319,1.9659423239762661,completed,True,COMPLETE
58,1.0785514003277679,2026-06-20 20:57:52.268587,2026-06-20 20:58:12.004861,0 days 00:00:19.736274,,,,,,2.0,5.0,72.0,,,,,ExtraTreesRegressor,,,,7,,,,,,,,,,,,,,False,-0.018961168253845646,-0.014438490946280615,398.0,-0.01669982960006313,0.0022613386537825163,0.02297636287736726,1.9659423239762661,1.0728657979949239,1.0842370026606118,398.0,1.0785514003277679,0.005685602332844039,0.0577686416659971,1.9659423239762661,352949847528116.7,405042761871830.56,398.0,378996304699973.6,26046457171856.926,264645390750900.6,1.9659423239762661,3.0757733218024783,3.1005050794991855,398.0,3.088139200650832,0.012365878848353764,0.12564368421425384,1.9659423239762661,0.9820818435500867,0.9912147776613274,398.0,0.986648310605707,0.0045664670556204,0.046397652099554945,1.9659423239762661,399.0,0.45363408521303256,-0.004933886124894022,0.002340646612307984,398.0,-0.0012966197562930195,0.003637266368601003,0.03695649558142561,1.9659423239762661,ExtraTreesRegressor,"{'mode': 'original', 'type': 'ExtraTreesRegressor'}",7,"['nodes_T6W30', 'edges_T6W30', 're_T6W30', 'pe_T6W30', 'l1_T6W30', 'l2_T6W30', 'lsc_T6W30']",0.08912515497111548,0.11392751271611429,398.0,0.10152633384361488,0.012401178872499407,0.12600235060108336,1.9659423239762661,1.3764405735264826,1.3910130470092994,398.0,1.383726810267891,0.007286236741408353,0.07403190986054979,1.9659423239762661,completed,False,COMPLETE
59,1.076455003053853,2026-06-20 20:58:12.022702,2026-06-20 20:58:18.541862,0 days 00:00:06.519160,,,,0.9331298455720445,1.0,,,,,,,,ElasticNet,,,,8,,,,,,,,,,,,,,False,-0.015104086265177721,-0.01425780289483168,398.0,-0.0146809445800047,0.000423141685173021,0.004299336983787771,1.9659423239762661,1.071190525284975,1.0817194808227313,398.0,1.076455003053853,0.0052644777688781175,0.05348979967031932,1.9659423239762661,361167972822415.06,414355531595812.3,398.0,387761752209113.7,26593779386698.617,270206465735406.9,1.9659423239762661,3.06093915844491,3.0720504584544805,398.0,3.0664948084496952,0.0055556500047854954,0.056448259227374994,1.9659423239762661,0.9361083452410985,0.9447366243256754,398.0,0.940422484783387,0.004314139542288457,0.043833874887079086,1.9659423239762661,399.0,1.0,-0.003101495674924018,-0.002345473817801534,398.0,-0.002723484746362776,0.00037801092856124197,0.00384078530285847,1.9659423239762661,ElasticNet,"{'mode': 'original', 'type': 'ElasticNet'}",8,"['l2_T6W30', 'l3_T6W30', 'lcc_T6W30', 'lsc_T6W30', 'atd_T6W30', 'density_T6W30', 'diameter_T6W30', 'asp_T6W30']",,,,,,,,1.377783318261774,1.3927662110610435,398.0,1.3852747646614088,0.007491446399634751,0.07611694545018319,1.9659423239762661,completed,False,COMPLETE
60,1.076455003053853,2026-06-20 20:58:18.559933,2026-06-20 20:58:25.029771,0 days 00:00:06.469838,,,,0.6446427081011968,1.0,,,,,,,,ElasticNet,,,,5,,,,,,,,,,,,,,False,-0.015104086265177721,-0.01425780289483168,398.0,-0.0146809445800047,0.000423141685173021,0.004299336983787771,1.9659423239762661,1.071190525284975,1.0817194808227313,398.0,1.076455003053853,0.0052644777688781175,0.05348979967031932,1.9659423239762661,361167972822415.06,414355531595812.3,398.0,387761752209113.7,26593779386698.617,270206465735406.9,1.9659423239762661,3.06093915844491,3.0720504584544805,398.0,3.0664948084496952,0.0055556500047854954,0.056448259227374994,1.9659423239762661,0.9361083452410985,0.9447366243256754,398.0,0.940422484783387,0.004314139542288457,0.043833874887079086,1.9659423239762661,399.0,1.0,-0.003101495674924018,-0.002345473817801534,398.0,-0.002723484746362776,0.00037801092856124197,0.00384078530285847,1.9659423239762661,ElasticNet,"{'mode': 'original', 'type': 'ElasticNet'}",5,"['lsc_T6W30', 'atd_T6W30', 'density_T6W30', 'diameter_T6W30', 'asp_T6W30']",,,,,,,,1.377783318261774,1.3927662110610435,398.0,1.3852747646614088,0.007491446399634751,0.07611694545018319,1.9659423239762661,completed,False,COMPLETE
61,1.076455003053853,2026-06-20 20:58:25.047971,2026-06-20 20:58:31.428719,0 days 00:00:06.380748,,,,0.8144300820207462,1.0,,,,,,,,ElasticNet,,,,3,,,,,,,,,,,,,,True,-0.015104086265177721,-0.01425780289483168,398.0,-0.0146809445800047,0.000423141685173021,0.004299336983787771,1.9659423239762661,1.071190525284975,1.0817194808227313,398.0,1.076455003053853,0.0052644777688781175,0.05348979967031932,1.9659423239762661,361167972822415.06,414355531595812.3,398.0,387761752209113.7,26593779386698.617,270206465735406.9,1.9659423239762661,3.06093915844491,3.0720504584544805,398.0,3.0664948084496952,0.0055556500047854954,0.056448259227374994,1.9659423239762661,0.9361083452410985,0.9447366243256754,398.0,0.940422484783387,0.004314139542288457,0.043833874887079086,1.9659423239762661,399.0,1.0,-0.003101495674924018,-0.002345473817801534,398.0,-0.002723484746362776,0.00037801092856124197,0.00384078530285847,1.9659423239762661,ElasticNet,"{'mode': 'original', 'type': 'ElasticNet'}",3,"['density_T6W30', 'diameter_T6W30', 'asp_T6W30']",,,,,,,,1.377783318261774,1.3927662110610435,398.0,1.3852747646614088,0.007491446399634751,0.07611694545018319,1.9659423239762661,completed,True,COMPLETE
62,1.076455003053853,2026-06-20 20:58:31.446401,2026-06-20 20:58:37.798960,0 days 00:00:06.352559,,,,0.8941611903201089,1.0,,,,,,,,ElasticNet,,,,3,,,,,,,,,,,,,,True,-0.015104086265177721,-0.01425780289483168,398.0,-0.0146809445800047,0.000423141685173021,0.004299336983787771,1.9659423239762661,1.071190525284975,1.0817194808227313,398.0,1.076455003053853,0.0052644777688781175,0.05348979967031932,1.9659423239762661,361167972822415.06,414355531595812.3,398.0,387761752209113.7,26593779386698.617,270206465735406.9,1.9659423239762661,3.06093915844491,3.0720504584544805,398.0,3.0664948084496952,0.0055556500047854954,0.056448259227374994,1.9659423239762661,0.9361083452410985,0.9447366243256754,398.0,0.940422484783387,0.004314139542288457,0.043833874887079086,1.9659423239762661,399.0,1.0,-0.003101495674924018,-0.002345473817801534,398.0,-0.002723484746362776,0.00037801092856124197,0.00384078530285847,1.9659423239762661,ElasticNet,"{'mode': 'original', 'type': 'ElasticNet'}",3,"['density_T6W30', 'diameter_T6W30', 'asp_T6W30']",,,,,,,,1.377783318261774,1.3927662110610435,398.0,1.3852747646614088,0.007491446399634751,0.07611694545018319,1.9659423239762661,completed,True,COMPLETE
63,1.076455003053853,2026-06-20 20:58:37.816768,2026-06-20 20:58:44.079536,0 days 00:00:06.262768,,,,0.7872113334442457,1.0,,,,,,,,ElasticNet,,,,2,,,,,,,,,,,,,,True,-0.015104086265177721,-0.01425780289483168,398.0,-0.0146809445800047,0.000423141685173021,0.004299336983787771,1.9659423239762661,1.071190525284975,1.0817194808227313,398.0,1.076455003053853,0.0052644777688781175,0.05348979967031932,1.9659423239762661,361167972822415.06,414355531595812.3,398.0,387761752209113.7,26593779386698.617,270206465735406.9,1.9659423239762661,3.06093915844491,3.0720504584544805,398.0,3.0664948084496952,0.0055556500047854954,0.056448259227374994,1.9659423239762661,0.9361083452410985,0.9447366243256754,398.0,0.940422484783387,0.004314139542288457,0.043833874887079086,1.9659423239762661,399.0,1.0,-0.003101495674924018,-0.002345473817801534,398.0,-0.002723484746362776,0.00037801092856124197,0.00384078530285847,1.9659423239762661,ElasticNet,"{'mode': 'original', 'type': 'ElasticNet'}",2,"['diameter_T6W30', 'asp_T6W30']",,,,,,,,1.377783318261774,1.3927662110610435,398.0,1.3852747646614088,0.007491446399634751,0.07611694545018319,1.9659423239762661,completed,True,COMPLETE
64,1.0813925577337045,2026-06-20 20:58:44.097294,2026-06-20 20:58:50.434730,0 days 00:00:06.337436,,,,0.9503586231090116,0.0,,,,,,,,ElasticNet,,,,4,,,,,,,,,,,,,,True,-0.021103730686344534,-0.017623226217096045,398.0,-0.01936347845172029,0.0017402522346242435,0.01768185706019484,1.9659423239762661,1.0758712397816474,1.0869138756857615,398.0,1.0813925577337045,0.005521317952056907,0.056099427927605944,1.9659423239762661,360074470769994.44,413091371493153.7,398.0,386582921131574.06,26508450361579.652,269339478987612.22,1.9659423239762661,3.080958528136798,3.0993359092445507,398.0,3.0901472186906744,0.00918869055387631,0.0933618183108294,1.9659423239762661,0.9761640987060513,0.984020207888389,398.0,0.9800921532972201,0.003928054591168811,0.039911053365597804,1.9659423239762661,399.0,0.38596491228070173,-0.0004058085904881472,0.004457331156545825,398.0,0.002025761283028839,0.0024315698735169864,0.024705999555683283,1.9659423239762661,ElasticNet,"{'mode': 'original', 'type': 'ElasticNet'}",4,"['re_T6W30', 'l1_T6W30', 'lcc_T6W30', 'asp_T6W30']",0.08986176623002058,0.11296861503931553,398.0,0.10141519063466806,0.011553424404647477,0.11738872952681652,1.9659423239762661,1.374355273424898,1.3891227428824917,398.0,1.3817390081536949,0.007383734728796784,0.07502253951891719,1.9659423239762661,completed,True,COMPLETE
65,1.089654901385318,2026-06-20 20:58:50.454197,2026-06-20 20:58:56.766667,0 days 00:00:06.312470,,,,,,,,,,,,,Ridge,,,,3,,,,,,0.6965971515746193,lsqr,,,,,,,True,-0.029850753301293782,-0.02459542529306266,398.0,-0.027223089297178222,0.00262766400411556,0.026698416699934682,1.9659423239762661,1.0838574898275324,1.0954523129431037,398.0,1.089654901385318,0.005797411557785622,0.058904680852784934,1.9659423239762661,359212540141192.44,412208106340121.94,398.0,385710323240657.2,26497783099464.73,269231094122368.6,1.9659423239762661,3.1080516194671683,3.1407471689326587,398.0,3.1243993941999135,0.01634777473274509,0.16610179278929496,1.9659423239762661,0.9728119909174474,0.9849705027551202,398.0,0.9788912468362838,0.006079255918836386,0.06176836440748389,1.9659423239762661,399.0,0.42606516290726815,-0.004784627974947263,0.003474498361571357,398.0,-0.0006550648066879532,0.00412956316825931,0.04195848406881812,1.9659423239762661,Ridge,"{'mode': 'original', 'type': 'Ridge'}",3,"['nodes_T6W30', 'diameter_T6W30', 'asp_T6W30']",0.09265916478278974,0.11551762478433963,398.0,0.10408839478356469,0.011429230000774943,0.11612685055705647,1.9659423239762661,1.3757785851767925,1.3907355377769044,398.0,1.3832570614768485,0.00747847630005591,0.07598516257282399,1.9659423239762661,completed,True,COMPLETE
66,1.076455003053853,2026-06-20 20:58:56.784826,2026-06-20 20:59:03.185867,0 days 00:00:06.401041,,,,0.8782557769568089,1.0,,,,,,,,ElasticNet,,,,6,,,,,,,,,,,,,,False,-0.015104086265177721,-0.01425780289483168,398.0,-0.0146809445800047,0.000423141685173021,0.004299336983787771,1.9659423239762661,1.071190525284975,1.0817194808227313,398.0,1.076455003053853,0.0052644777688781175,0.05348979967031932,1.9659423239762661,361167972822415.06,414355531595812.3,398.0,387761752209113.7,26593779386698.617,270206465735406.9,1.9659423239762661,3.06093915844491,3.0720504584544805,398.0,3.0664948084496952,0.0055556500047854954,0.056448259227374994,1.9659423239762661,0.9361083452410985,0.9447366243256754,398.0,0.940422484783387,0.004314139542288457,0.043833874887079086,1.9659423239762661,399.0,1.0,-0.003101495674924018,-0.002345473817801534,398.0,-0.002723484746362776,0.00037801092856124197,0.00384078530285847,1.9659423239762661,ElasticNet,"{'mode': 'original', 'type': 'ElasticNet'}",6,"['lcc_T6W30', 'lsc_T6W30', 'atd_T6W30', 'density_T6W30', 'diameter_T6W30', 'asp_T6W30']",,,,,,,,1.377783318261774,1.3927662110610435,398.0,1.3852747646614088,0.007491446399634751,0.07611694545018319,1.9659423239762661,completed,False,COMPLETE
67,1.17498294077208,2026-06-20 20:59:03.204106,2026-06-20 21:03:08.828158,0 days 00:04:05.624052,463.0,,,,,,,,,,,,BaggingRegressor,,,,4,,,,0.016739527345120447,LinearSVC,,,,,,2.542647194476914,,,False,-0.11395008456667335,-0.10167378155109452,398.0,-0.10781193305888394,0.0061381515077894135,0.062366773859070246,1.9659423239762661,1.1666785200399223,1.1832873615042376,398.0,1.17498294077208,0.008304420732157751,0.08437718247518138,1.9659423239762661,326593851365691.7,376728884785644.7,398.0,351661368075668.2,25067516709976.48,254698852557746.88,1.9659423239762661,3.5502947901485475,3.639385674512024,398.0,3.5948402323302857,0.04454544218173837,0.4526045855132838,1.9659423239762661,1.0035856619770918,1.0299755628993539,398.0,1.0167806124382228,0.013194950461130978,0.13406747787940446,1.9659423239762661,399.0,0.8696741854636592,-0.14908197518705374,-0.12470242064089998,398.0,-0.13689219791397686,0.012189777273076872,0.12385440170671352,1.9659423239762661,BaggingRegressor,"{'mode': 'proxy', 'type': 'LinearSVC', 'C': 0.016739527345120447, 'epsilon': 2.542647194476914}",4,"['nodes_T6W30', 're_T6W30', 'pe_T6W30', 'lcc_T6W30']",0.05006433141373243,0.07475803265752246,398.0,0.06241118203562744,0.012346850621895016,0.1254503476543814,1.9659423239762661,1.4621674242809404,1.4813578974926658,398.0,1.471762660886803,0.009595236605862652,0.09749253513255564,1.9659423239762661,completed,False,COMPLETE
68,1.076455003053853,2026-06-20 21:03:08.846915,2026-06-20 21:03:15.185136,0 days 00:00:06.338221,,,,0.7838367826690232,1.0,,,,,,,,ElasticNet,,,,6,,,,,,,,,,,,,,False,-0.015104086265177721,-0.01425780289483168,398.0,-0.0146809445800047,0.000423141685173021,0.004299336983787771,1.9659423239762661,1.071190525284975,1.0817194808227313,398.0,1.076455003053853,0.0052644777688781175,0.05348979967031932,1.9659423239762661,361167972822415.06,414355531595812.3,398.0,387761752209113.7,26593779386698.617,270206465735406.9,1.9659423239762661,3.06093915844491,3.0720504584544805,398.0,3.0664948084496952,0.0055556500047854954,0.056448259227374994,1.9659423239762661,0.9361083452410985,0.9447366243256754,398.0,0.940422484783387,0.004314139542288457,0.043833874887079086,1.9659423239762661,399.0,1.0,-0.003101495674924018,-0.002345473817801534,398.0,-0.002723484746362776,0.00037801092856124197,0.00384078530285847,1.9659423239762661,ElasticNet,"{'mode': 'original', 'type': 'ElasticNet'}",6,"['lcc_T6W30', 'lsc_T6W30', 'atd_T6W30', 'density_T6W30', 'diameter_T6W30', 'asp_T6W30']",,,,,,,,1.377783318261774,1.3927662110610435,398.0,1.3852747646614088,0.007491446399634751,0.07611694545018319,1.9659423239762661,completed,False,COMPLETE
69,1.2207086343309252,2026-06-20 21:03:15.203465,2026-06-20 21:03:21.776354,0 days 00:00:06.572889,,,,,,,,,,manhattan,5.0,uniform,KNeighborsRegressor,,,,3,,,,8.917212799298738,LinearSVC,,,,,,0.03274794119353157,,,,-0.15824850250921568,-0.14423094449018498,398.0,-0.15123972349970033,0.007008779009515351,0.07121279671248523,1.9659423239762661,1.211984655213336,1.2294326134485145,398.0,1.2207086343309252,0.008723979117589264,0.08864011129205371,1.9659423239762661,382417821176515.3,439380111712183.94,398.0,410898966444349.6,28481145267834.3,289383073049309.06,1.9659423239762661,3.4786529659083647,3.537888387475092,398.0,3.5082706766917284,0.02961771078336377,0.30093116279474647,1.9659423239762661,1.0514533827117283,1.0808774443559412,398.0,1.0661654135338348,0.014712030822106438,0.14948179401007095,1.9659423239762661,399.0,0.9323308270676691,-0.198881953373319,-0.17182958224019257,398.0,-0.18535576780675578,0.013526185566563214,0.13743299678008036,1.9659423239762661,KNeighborsRegressor,"{'mode': 'proxy', 'type': 'LinearSVC', 'C': 8.917212799298738, 'epsilon': 0.03274794119353157}",3,"['nodes_T6W30', 'atd_T6W30', 'density_T6W30']",0.016948023347867186,0.04164148659199625,398.0,0.029294754969931718,0.012346731622064533,0.12544913855494688,1.9659423239762661,1.4922504459724129,1.5124765227147916,398.0,1.5023634843436022,0.010113038371189416,0.10275366717873932,1.9659423239762661,completed,True,COMPLETE
70,1.061034940291906,2026-06-20 21:03:21.794451,2026-06-20 21:03:28.334410,0 days 00:00:06.539959,,,,,,,,,,,,,SVR,,,,9,5.0,7.0,80.0,,ExtraTrees,,,,0.04120193690068054,,8.07568519667063,scale,rbf,,0.0,0.0,398.0,0.0,0.0,0.0,1.9659423239762661,1.0555646958081493,1.0665051847756626,398.0,1.061034940291906,0.005470244483756648,0.05558049524182286,1.9659423239762661,369287404596652.5,423473608978517.4,398.0,396380506787584.94,27093102190932.418,275279842040114.88,1.9659423239762661,2.992566560591538,3.002420908080141,398.0,2.9974937343358397,0.0049271737443014165,0.05006261743217586,1.9659423239762661,1.0,1.0,398.0,1.0,0.0,0.0,1.9659423239762661,399.0,0.9273182957393483,-0.0038388504911363,-0.0030531107974497095,398.0,-0.0034459806442930048,0.00039286984684329526,0.003991759548950509,1.9659423239762661,SVR,"{'mode': 'proxy', 'type': 'ExtraTrees', 'n_estimators': 80, 'max_depth': 5, 'min_samples_split': 7}",9,"['nodes_T6W30', 'edges_T6W30', 're_T6W30', 'pe_T6W30', 'l2_T6W30', 'lsc_T6W30', 'atd_T6W30', 'density_T6W30', 'diameter_T6W30']",,,,,,,,1.3782146250243512,1.393506827676409,398.0,1.3858607263503802,0.007646101326028965,0.07768831898313998,1.9659423239762661,completed,True,COMPLETE
71,1.061034940291906,2026-06-20 21:03:28.362031,2026-06-20 21:03:34.708746,0 days 00:00:06.346715,,,,,,,,,,,,,SVR,,,,9,5.0,7.0,80.0,,ExtraTrees,,,,0.013145818412080443,,7.655170815152697,scale,rbf,,0.0,0.0,398.0,0.0,0.0,0.0,1.9659423239762661,1.0555646958081493,1.0665051847756626,398.0,1.061034940291906,0.005470244483756648,0.05558049524182286,1.9659423239762661,369287404596652.5,423473608978517.4,398.0,396380506787584.94,27093102190932.418,275279842040114.88,1.9659423239762661,2.992566560591538,3.002420908080141,398.0,2.9974937343358397,0.0049271737443014165,0.05006261743217586,1.9659423239762661,1.0,1.0,398.0,1.0,0.0,0.0,1.9659423239762661,399.0,0.9273182957393483,-0.0038388504911363,-0.0030531107974497095,398.0,-0.0034459806442930048,0.00039286984684329526,0.003991759548950509,1.9659423239762661,SVR,"{'mode': 'proxy', 'type': 'ExtraTrees', 'n_estimators': 80, 'max_depth': 5, 'min_samples_split': 7}",9,"['nodes_T6W30', 'edges_T6W30', 're_T6W30', 'pe_T6W30', 'l2_T6W30', 'lsc_T6W30', 'atd_T6W30', 'density_T6W30', 'diameter_T6W30']",,,,,,,,1.3782146250243512,1.393506827676409,398.0,1.3858607263503802,0.007646101326028965,0.07768831898313998,1.9659423239762661,completed,True,COMPLETE
72,1.061034940291906,2026-06-20 21:03:34.727573,2026-06-20 21:03:41.185329,0 days 00:00:06.457756,,,,,,,,,,,,,SVR,,,,9,5.0,7.0,80.0,,ExtraTrees,,,,0.0295138357963992,,7.66472291054473,scale,rbf,,0.0,0.0,398.0,0.0,0.0,0.0,1.9659423239762661,1.0555646958081493,1.0665051847756626,398.0,1.061034940291906,0.005470244483756648,0.05558049524182286,1.9659423239762661,369287404596652.5,423473608978517.4,398.0,396380506787584.94,27093102190932.418,275279842040114.88,1.9659423239762661,2.992566560591538,3.002420908080141,398.0,2.9974937343358397,0.0049271737443014165,0.05006261743217586,1.9659423239762661,1.0,1.0,398.0,1.0,0.0,0.0,1.9659423239762661,399.0,0.9273182957393483,-0.0038388504911363,-0.0030531107974497095,398.0,-0.0034459806442930048,0.00039286984684329526,0.003991759548950509,1.9659423239762661,SVR,"{'mode': 'proxy', 'type': 'ExtraTrees', 'n_estimators': 80, 'max_depth': 5, 'min_samples_split': 7}",9,"['nodes_T6W30', 'edges_T6W30', 're_T6W30', 'pe_T6W30', 'l2_T6W30', 'lsc_T6W30', 'atd_T6W30', 'density_T6W30', 'diameter_T6W30']",,,,,,,,1.3782146250243512,1.393506827676409,398.0,1.3858607263503802,0.007646101326028965,0.07768831898313998,1.9659423239762661,completed,True,COMPLETE
73,1.061034940291906,2026-06-20 21:03:41.203315,2026-06-20 21:03:47.705409,0 days 00:00:06.502094,,,,,,,,,,,,,SVR,,,,9,5.0,7.0,80.0,,ExtraTrees,,,,0.022859439036070222,,5.4865466855588565,scale,rbf,,0.0,0.0,398.0,0.0,0.0,0.0,1.9659423239762661,1.0555646958081493,1.0665051847756626,398.0,1.061034940291906,0.005470244483756648,0.05558049524182286,1.9659423239762661,369287404596652.5,423473608978517.4,398.0,396380506787584.94,27093102190932.418,275279842040114.88,1.9659423239762661,2.992566560591538,3.002420908080141,398.0,2.9974937343358397,0.0049271737443014165,0.05006261743217586,1.9659423239762661,1.0,1.0,398.0,1.0,0.0,0.0,1.9659423239762661,399.0,0.9273182957393483,-0.0038388504911363,-0.0030531107974497095,398.0,-0.0034459806442930048,0.00039286984684329526,0.003991759548950509,1.9659423239762661,SVR,"{'mode': 'proxy', 'type': 'ExtraTrees', 'n_estimators': 80, 'max_depth': 5, 'min_samples_split': 7}",9,"['nodes_T6W30', 'edges_T6W30', 're_T6W30', 'pe_T6W30', 'l2_T6W30', 'lsc_T6W30', 'atd_T6W30', 'density_T6W30', 'diameter_T6W30']",,,,,,,,1.3782146250243512,1.393506827676409,398.0,1.3858607263503802,0.007646101326028965,0.07768831898313998,1.9659423239762661,completed,True,COMPLETE
74,1.061034940291906,2026-06-20 21:03:47.723549,2026-06-20 21:03:54.267353,0 days 00:00:06.543804,,,,,,,,,,,,,SVR,,,,9,5.0,7.0,80.0,,ExtraTrees,,,,0.026321793874973392,,7.863786710716487,scale,rbf,,0.0,0.0,398.0,0.0,0.0,0.0,1.9659423239762661,1.0555646958081493,1.0665051847756626,398.0,1.061034940291906,0.005470244483756648,0.05558049524182286,1.9659423239762661,369287404596652.5,423473608978517.4,398.0,396380506787584.94,27093102190932.418,275279842040114.88,1.9659423239762661,2.992566560591538,3.002420908080141,398.0,2.9974937343358397,0.0049271737443014165,0.05006261743217586,1.9659423239762661,1.0,1.0,398.0,1.0,0.0,0.0,1.9659423239762661,399.0,0.9273182957393483,-0.0038388504911363,-0.0030531107974497095,398.0,-0.0034459806442930048,0.00039286984684329526,0.003991759548950509,1.9659423239762661,SVR,"{'mode': 'proxy', 'type': 'ExtraTrees', 'n_estimators': 80, 'max_depth': 5, 'min_samples_split': 7}",9,"['nodes_T6W30', 'edges_T6W30', 're_T6W30', 'pe_T6W30', 'l2_T6W30', 'lsc_T6W30', 'atd_T6W30', 'density_T6W30', 'diameter_T6W30']",,,,,,,,1.3782146250243512,1.393506827676409,398.0,1.3858607263503802,0.007646101326028965,0.07768831898313998,1.9659423239762661,completed,True,COMPLETE
75,1.061034940291906,2026-06-20 21:03:54.290606,2026-06-20 21:04:00.745866,0 days 00:00:06.455260,,,,,,,,,,,,,SVR,,,,9,5.0,7.0,80.0,,ExtraTrees,,,,0.02010585437164844,,8.396464969198389,scale,rbf,,0.0,0.0,398.0,0.0,0.0,0.0,1.9659423239762661,1.0555646958081493,1.0665051847756626,398.0,1.061034940291906,0.005470244483756648,0.05558049524182286,1.9659423239762661,369287404596652.5,423473608978517.4,398.0,396380506787584.94,27093102190932.418,275279842040114.88,1.9659423239762661,2.992566560591538,3.002420908080141,398.0,2.9974937343358397,0.0049271737443014165,0.05006261743217586,1.9659423239762661,1.0,1.0,398.0,1.0,0.0,0.0,1.9659423239762661,399.0,0.9273182957393483,-0.0038388504911363,-0.0030531107974497095,398.0,-0.0034459806442930048,0.00039286984684329526,0.003991759548950509,1.9659423239762661,SVR,"{'mode': 'proxy', 'type': 'ExtraTrees', 'n_estimators': 80, 'max_depth': 5, 'min_samples_split': 7}",9,"['nodes_T6W30', 'edges_T6W30', 're_T6W30', 'pe_T6W30', 'l2_T6W30', 'lsc_T6W30', 'atd_T6W30', 'density_T6W30', 'diameter_T6W30']",,,,,,,,1.3782146250243512,1.393506827676409,398.0,1.3858607263503802,0.007646101326028965,0.07768831898313998,1.9659423239762661,completed,True,COMPLETE
76,1.061034940291906,2026-06-20 21:04:00.765184,2026-06-20 21:04:07.201121,0 days 00:00:06.435937,,,,,,,,,,,,,SVR,,,,9,5.0,7.0,80.0,,ExtraTrees,,,,0.025194153463243645,,6.879666759618608,scale,rbf,,0.0,0.0,398.0,0.0,0.0,0.0,1.9659423239762661,1.0555646958081493,1.0665051847756626,398.0,1.061034940291906,0.005470244483756648,0.05558049524182286,1.9659423239762661,369287404596652.5,423473608978517.4,398.0,396380506787584.94,27093102190932.418,275279842040114.88,1.9659423239762661,2.992566560591538,3.002420908080141,398.0,2.9974937343358397,0.0049271737443014165,0.05006261743217586,1.9659423239762661,1.0,1.0,398.0,1.0,0.0,0.0,1.9659423239762661,399.0,0.9273182957393483,-0.0038388504911363,-0.0030531107974497095,398.0,-0.0034459806442930048,0.00039286984684329526,0.003991759548950509,1.9659423239762661,SVR,"{'mode': 'proxy', 'type': 'ExtraTrees', 'n_estimators': 80, 'max_depth': 5, 'min_samples_split': 7}",9,"['nodes_T6W30', 'edges_T6W30', 're_T6W30', 'pe_T6W30', 'l2_T6W30', 'lsc_T6W30', 'atd_T6W30', 'density_T6W30', 'diameter_T6W30']",,,,,,,,1.3782146250243512,1.393506827676409,398.0,1.3858607263503802,0.007646101326028965,0.07768831898313998,1.9659423239762661,completed,True,COMPLETE
77,1.061034940291906,2026-06-20 21:04:07.219111,2026-06-20 21:04:13.655884,0 days 00:00:06.436773,,,,,,,,,,,,,SVR,,,,9,5.0,7.0,80.0,,ExtraTrees,,,,0.02176660998917522,,6.646046670794883,scale,rbf,,0.0,0.0,398.0,0.0,0.0,0.0,1.9659423239762661,1.0555646958081493,1.0665051847756626,398.0,1.061034940291906,0.005470244483756648,0.05558049524182286,1.9659423239762661,369287404596652.5,423473608978517.4,398.0,396380506787584.94,27093102190932.418,275279842040114.88,1.9659423239762661,2.992566560591538,3.002420908080141,398.0,2.9974937343358397,0.0049271737443014165,0.05006261743217586,1.9659423239762661,1.0,1.0,398.0,1.0,0.0,0.0,1.9659423239762661,399.0,0.9273182957393483,-0.0038388504911363,-0.0030531107974497095,398.0,-0.0034459806442930048,0.00039286984684329526,0.003991759548950509,1.9659423239762661,SVR,"{'mode': 'proxy', 'type': 'ExtraTrees', 'n_estimators': 80, 'max_depth': 5, 'min_samples_split': 7}",9,"['nodes_T6W30', 'edges_T6W30', 're_T6W30', 'pe_T6W30', 'l2_T6W30', 'lsc_T6W30', 'atd_T6W30', 'density_T6W30', 'diameter_T6W30']",,,,,,,,1.3782146250243512,1.393506827676409,398.0,1.3858607263503802,0.007646101326028965,0.07768831898313998,1.9659423239762661,completed,True,COMPLETE
78,1.061034940291906,2026-06-20 21:04:13.674017,2026-06-20 21:04:20.053869,0 days 00:00:06.379852,,,,,,,,,,,,,SVR,,,,9,5.0,7.0,80.0,,ExtraTrees,,,,0.02499948456416337,,7.50402859055024,scale,rbf,,0.0,0.0,398.0,0.0,0.0,0.0,1.9659423239762661,1.0555646958081493,1.0665051847756626,398.0,1.061034940291906,0.005470244483756648,0.05558049524182286,1.9659423239762661,369287404596652.5,423473608978517.4,398.0,396380506787584.94,27093102190932.418,275279842040114.88,1.9659423239762661,2.992566560591538,3.002420908080141,398.0,2.9974937343358397,0.0049271737443014165,0.05006261743217586,1.9659423239762661,1.0,1.0,398.0,1.0,0.0,0.0,1.9659423239762661,399.0,0.9273182957393483,-0.0038388504911363,-0.0030531107974497095,398.0,-0.0034459806442930048,0.00039286984684329526,0.003991759548950509,1.9659423239762661,SVR,"{'mode': 'proxy', 'type': 'ExtraTrees', 'n_estimators': 80, 'max_depth': 5, 'min_samples_split': 7}",9,"['nodes_T6W30', 'edges_T6W30', 're_T6W30', 'pe_T6W30', 'l2_T6W30', 'lsc_T6W30', 'atd_T6W30', 'density_T6W30', 'diameter_T6W30']",,,,,,,,1.3782146250243512,1.393506827676409,398.0,1.3858607263503802,0.007646101326028965,0.07768831898313998,1.9659423239762661,completed,True,COMPLETE
79,1.061034940291906,2026-06-20 21:04:20.072815,2026-06-20 21:04:26.762261,0 days 00:00:06.689446,,,,,,,,,,,,,SVR,,,,10,5.0,7.0,80.0,,ExtraTrees,,,,0.028315160771931712,,7.588654927772315,scale,rbf,,0.0,0.0,398.0,0.0,0.0,0.0,1.9659423239762661,1.0555646958081493,1.0665051847756626,398.0,1.061034940291906,0.005470244483756648,0.05558049524182286,1.9659423239762661,369287404596652.5,423473608978517.4,398.0,396380506787584.94,27093102190932.418,275279842040114.88,1.9659423239762661,2.992566560591538,3.002420908080141,398.0,2.9974937343358397,0.0049271737443014165,0.05006261743217586,1.9659423239762661,1.0,1.0,398.0,1.0,0.0,0.0,1.9659423239762661,399.0,0.9273182957393483,-0.0038388504911363,-0.0030531107974497095,398.0,-0.0034459806442930048,0.00039286984684329526,0.003991759548950509,1.9659423239762661,SVR,"{'mode': 'proxy', 'type': 'ExtraTrees', 'n_estimators': 80, 'max_depth': 5, 'min_samples_split': 7}",10,"['nodes_T6W30', 'edges_T6W30', 're_T6W30', 'pe_T6W30', 'l1_T6W30', 'l2_T6W30', 'lsc_T6W30', 'atd_T6W30', 'density_T6W30', 'diameter_T6W30']",,,,,,,,1.3782146250243512,1.393506827676409,398.0,1.3858607263503802,0.007646101326028965,0.07768831898313998,1.9659423239762661,completed,True,COMPLETE
80,1.061034940291906,2026-06-20 21:04:26.864672,2026-06-20 21:04:33.375696,0 days 00:00:06.511024,,,,,,,,,,,,,SVR,,,,9,5.0,7.0,80.0,,ExtraTrees,,,,0.03570131051629661,,7.418691457871181,scale,rbf,,0.0,0.0,398.0,0.0,0.0,0.0,1.9659423239762661,1.0555646958081493,1.0665051847756626,398.0,1.061034940291906,0.005470244483756648,0.05558049524182286,1.9659423239762661,369287404596652.5,423473608978517.4,398.0,396380506787584.94,27093102190932.418,275279842040114.88,1.9659423239762661,2.992566560591538,3.002420908080141,398.0,2.9974937343358397,0.0049271737443014165,0.05006261743217586,1.9659423239762661,1.0,1.0,398.0,1.0,0.0,0.0,1.9659423239762661,399.0,0.9273182957393483,-0.0038388504911363,-0.0030531107974497095,398.0,-0.0034459806442930048,0.00039286984684329526,0.003991759548950509,1.9659423239762661,SVR,"{'mode': 'proxy', 'type': 'ExtraTrees', 'n_estimators': 80, 'max_depth': 5, 'min_samples_split': 7}",9,"['nodes_T6W30', 'edges_T6W30', 're_T6W30', 'pe_T6W30', 'l2_T6W30', 'lsc_T6W30', 'atd_T6W30', 'density_T6W30', 'diameter_T6W30']",,,,,,,,1.3782146250243512,1.393506827676409,398.0,1.3858607263503802,0.007646101326028965,0.07768831898313998,1.9659423239762661,completed,True,COMPLETE
81,1.061034940291906,2026-06-20 21:04:33.393884,2026-06-20 21:04:39.762161,0 days 00:00:06.368277,,,,,,,,,,,,,SVR,,,,9,5.0,7.0,80.0,,ExtraTrees,,,,0.026835267213728177,,8.207970719015666,scale,rbf,,0.0,0.0,398.0,0.0,0.0,0.0,1.9659423239762661,1.0555646958081493,1.0665051847756626,398.0,1.061034940291906,0.005470244483756648,0.05558049524182286,1.9659423239762661,369287404596652.5,423473608978517.4,398.0,396380506787584.94,27093102190932.418,275279842040114.88,1.9659423239762661,2.992566560591538,3.002420908080141,398.0,2.9974937343358397,0.0049271737443014165,0.05006261743217586,1.9659423239762661,1.0,1.0,398.0,1.0,0.0,0.0,1.9659423239762661,399.0,0.9273182957393483,-0.0038388504911363,-0.0030531107974497095,398.0,-0.0034459806442930048,0.00039286984684329526,0.003991759548950509,1.9659423239762661,SVR,"{'mode': 'proxy', 'type': 'ExtraTrees', 'n_estimators': 80, 'max_depth': 5, 'min_samples_split': 7}",9,"['nodes_T6W30', 'edges_T6W30', 're_T6W30', 'pe_T6W30', 'l2_T6W30', 'lsc_T6W30', 'atd_T6W30', 'density_T6W30', 'diameter_T6W30']",,,,,,,,1.3782146250243512,1.393506827676409,398.0,1.3858607263503802,0.007646101326028965,0.07768831898313998,1.9659423239762661,completed,True,COMPLETE
82,1.061034940291906,2026-06-20 21:04:39.792927,2026-06-20 21:04:46.217404,0 days 00:00:06.424477,,,,,,,,,,,,,SVR,,,,9,5.0,7.0,80.0,,ExtraTrees,,,,0.025500510367511355,,7.529402237753615,scale,rbf,,0.0,0.0,398.0,0.0,0.0,0.0,1.9659423239762661,1.0555646958081493,1.0665051847756626,398.0,1.061034940291906,0.005470244483756648,0.05558049524182286,1.9659423239762661,369287404596652.5,423473608978517.4,398.0,396380506787584.94,27093102190932.418,275279842040114.88,1.9659423239762661,2.992566560591538,3.002420908080141,398.0,2.9974937343358397,0.0049271737443014165,0.05006261743217586,1.9659423239762661,1.0,1.0,398.0,1.0,0.0,0.0,1.9659423239762661,399.0,0.9273182957393483,-0.0038388504911363,-0.0030531107974497095,398.0,-0.0034459806442930048,0.00039286984684329526,0.003991759548950509,1.9659423239762661,SVR,"{'mode': 'proxy', 'type': 'ExtraTrees', 'n_estimators': 80, 'max_depth': 5, 'min_samples_split': 7}",9,"['nodes_T6W30', 'edges_T6W30', 're_T6W30', 'pe_T6W30', 'l2_T6W30', 'lsc_T6W30', 'atd_T6W30', 'density_T6W30', 'diameter_T6W30']",,,,,,,,1.3782146250243512,1.393506827676409,398.0,1.3858607263503802,0.007646101326028965,0.07768831898313998,1.9659423239762661,completed,True,COMPLETE
83,1.061034940291906,2026-06-20 21:04:46.306083,2026-06-20 21:04:52.869326,0 days 00:00:06.563243,,,,,,,,,,,,,SVR,,,,9,5.0,7.0,80.0,,ExtraTrees,,,,0.02486161953153105,,6.16085085118989,scale,rbf,,0.0,0.0,398.0,0.0,0.0,0.0,1.9659423239762661,1.0555646958081493,1.0665051847756626,398.0,1.061034940291906,0.005470244483756648,0.05558049524182286,1.9659423239762661,369287404596652.5,423473608978517.4,398.0,396380506787584.94,27093102190932.418,275279842040114.88,1.9659423239762661,2.992566560591538,3.002420908080141,398.0,2.9974937343358397,0.0049271737443014165,0.05006261743217586,1.9659423239762661,1.0,1.0,398.0,1.0,0.0,0.0,1.9659423239762661,399.0,0.9273182957393483,-0.0038388504911363,-0.0030531107974497095,398.0,-0.0034459806442930048,0.00039286984684329526,0.003991759548950509,1.9659423239762661,SVR,"{'mode': 'proxy', 'type': 'ExtraTrees', 'n_estimators': 80, 'max_depth': 5, 'min_samples_split': 7}",9,"['nodes_T6W30', 'edges_T6W30', 're_T6W30', 'pe_T6W30', 'l2_T6W30', 'lsc_T6W30', 'atd_T6W30', 'density_T6W30', 'diameter_T6W30']",,,,,,,,1.3782146250243512,1.393506827676409,398.0,1.3858607263503802,0.007646101326028965,0.07768831898313998,1.9659423239762661,completed,True,COMPLETE
84,1.061034940291906,2026-06-20 21:04:52.888821,2026-06-20 21:04:59.289152,0 days 00:00:06.400331,,,,,,,,,,,,,SVR,,,,11,5.0,7.0,80.0,,ExtraTrees,,,,0.021907719009356945,,14.746198439162079,scale,rbf,,0.0,0.0,398.0,0.0,0.0,0.0,1.9659423239762661,1.0555646958081493,1.0665051847756626,398.0,1.061034940291906,0.005470244483756648,0.05558049524182286,1.9659423239762661,369287404596652.5,423473608978517.4,398.0,396380506787584.94,27093102190932.418,275279842040114.88,1.9659423239762661,2.992566560591538,3.002420908080141,398.0,2.9974937343358397,0.0049271737443014165,0.05006261743217586,1.9659423239762661,1.0,1.0,398.0,1.0,0.0,0.0,1.9659423239762661,399.0,0.9273182957393483,-0.0038388504911363,-0.0030531107974497095,398.0,-0.0034459806442930048,0.00039286984684329526,0.003991759548950509,1.9659423239762661,SVR,"{'mode': 'proxy', 'type': 'ExtraTrees', 'n_estimators': 80, 'max_depth': 5, 'min_samples_split': 7}",11,"['nodes_T6W30', 'edges_T6W30', 're_T6W30', 'pe_T6W30', 'l1_T6W30', 'l2_T6W30', 'lsc_T6W30', 'atd_T6W30', 'density_T6W30', 'diameter_T6W30', 'asp_T6W30']",,,,,,,,1.3782146250243512,1.393506827676409,398.0,1.3858607263503802,0.007646101326028965,0.07768831898313998,1.9659423239762661,completed,True,COMPLETE
85,1.061034940291906,2026-06-20 21:04:59.306967,2026-06-20 21:05:05.912494,0 days 00:00:06.605527,,,,,,,,,,,,,SVR,,,,10,4.0,7.0,80.0,,ExtraTrees,,,,0.01859592148634925,,4.072499439356272,scale,rbf,,0.0,0.0,398.0,0.0,0.0,0.0,1.9659423239762661,1.0555646958081493,1.0665051847756626,398.0,1.061034940291906,0.005470244483756648,0.05558049524182286,1.9659423239762661,369287404596652.5,423473608978517.4,398.0,396380506787584.94,27093102190932.418,275279842040114.88,1.9659423239762661,2.992566560591538,3.002420908080141,398.0,2.9974937343358397,0.0049271737443014165,0.05006261743217586,1.9659423239762661,1.0,1.0,398.0,1.0,0.0,0.0,1.9659423239762661,399.0,0.9273182957393483,-0.0038388504911363,-0.0030531107974497095,398.0,-0.0034459806442930048,0.00039286984684329526,0.003991759548950509,1.9659423239762661,SVR,"{'mode': 'proxy', 'type': 'ExtraTrees', 'n_estimators': 80, 'max_depth': 4, 'min_samples_split': 7}",10,"['nodes_T6W30', 'edges_T6W30', 're_T6W30', 'pe_T6W30', 'l1_T6W30', 'l2_T6W30', 'lsc_T6W30', 'atd_T6W30', 'density_T6W30', 'diameter_T6W30']",,,,,,,,1.3782146250243512,1.393506827676409,398.0,1.3858607263503802,0.007646101326028965,0.07768831898313998,1.9659423239762661,completed,True,COMPLETE
86,1.061034940291906,2026-06-20 21:05:05.930480,2026-06-20 21:05:12.525979,0 days 00:00:06.595499,,,,,,,,,,,,,SVR,,,,9,6.0,6.0,90.0,,ExtraTrees,,,,0.010924055740402536,,18.888760445510766,scale,rbf,,0.0,0.0,398.0,0.0,0.0,0.0,1.9659423239762661,1.0555646958081493,1.0665051847756626,398.0,1.061034940291906,0.005470244483756648,0.05558049524182286,1.9659423239762661,369287404596652.5,423473608978517.4,398.0,396380506787584.94,27093102190932.418,275279842040114.88,1.9659423239762661,2.992566560591538,3.002420908080141,398.0,2.9974937343358397,0.0049271737443014165,0.05006261743217586,1.9659423239762661,1.0,1.0,398.0,1.0,0.0,0.0,1.9659423239762661,399.0,0.9273182957393483,-0.0038388504911363,-0.0030531107974497095,398.0,-0.0034459806442930048,0.00039286984684329526,0.003991759548950509,1.9659423239762661,SVR,"{'mode': 'proxy', 'type': 'ExtraTrees', 'n_estimators': 90, 'max_depth': 6, 'min_samples_split': 6}",9,"['nodes_T6W30', 'edges_T6W30', 're_T6W30', 'pe_T6W30', 'l1_T6W30', 'l2_T6W30', 'lsc_T6W30', 'density_T6W30', 'asp_T6W30']",,,,,,,,1.3782146250243512,1.393506827676409,398.0,1.3858607263503802,0.007646101326028965,0.07768831898313998,1.9659423239762661,completed,True,COMPLETE
87,1.2091538838900724,2026-06-20 21:05:12.545026,2026-06-20 21:05:19.043548,0 days 00:00:06.498522,,,,,,,,,,,,,SVR,,,,8,4.0,7.0,70.0,,ExtraTrees,,,,0.1099912131737871,,2.5131530740527523,scale,rbf,,-0.1422503409713303,-0.13736028494442507,398.0,-0.13980531295787768,0.0024450280134526233,0.02484274117388291,1.9659423239762661,1.2027910286182137,1.215516739161931,398.0,1.2091538838900724,0.006362855271858598,0.06464987958254426,1.9659423239762661,417956426508173.0,479820801975817.25,398.0,448888614241995.1,30932187733822.14,314286924151917.9,1.9659423239762661,3.2386351530111366,3.2987156652305156,398.0,3.268675409120826,0.03004025610968963,0.30522444046616426,1.9659423239762661,1.2900885931012256,1.3084503643232253,398.0,1.2992694787122254,0.009180885610999872,0.09328251608006172,1.9659423239762661,399.0,0.9824561403508771,-0.11129859750927079,-0.1033936396131867,398.0,-0.10734611856122875,0.0039524789480420396,0.040159217383679266,1.9659423239762661,SVR,"{'mode': 'proxy', 'type': 'ExtraTrees', 'n_estimators': 70, 'max_depth': 4, 'min_samples_split': 7}",8,"['nodes_T6W30', 'edges_T6W30', 're_T6W30', 'pe_T6W30', 'l1_T6W30', 'l2_T6W30', 'lsc_T6W30', 'density_T6W30']",0.14602136089247533,0.16944422132945977,398.0,0.15773279111096755,0.011711430218492207,0.11899414979837016,1.9659423239762661,1.4470372950305874,1.464558904245718,398.0,1.4557980996381528,0.008760804607565306,0.08901427719569273,1.9659423239762661,completed,True,COMPLETE
88,1.061034940291906,2026-06-20 21:05:19.061920,2026-06-20 21:05:25.596880,0 days 00:00:06.534960,,,,,,,,,,,,,SVR,,,,9,6.0,6.0,90.0,,ExtraTrees,,,,0.11012594761560138,,16.34349786638138,scale,rbf,,0.0,0.0,398.0,0.0,0.0,0.0,1.9659423239762661,1.0555646958081493,1.0665051847756626,398.0,1.061034940291906,0.005470244483756648,0.05558049524182286,1.9659423239762661,369287404596652.5,423473608978517.4,398.0,396380506787584.94,27093102190932.418,275279842040114.88,1.9659423239762661,2.992566560591538,3.002420908080141,398.0,2.9974937343358397,0.0049271737443014165,0.05006261743217586,1.9659423239762661,1.0,1.0,398.0,1.0,0.0,0.0,1.9659423239762661,399.0,0.9273182957393483,-0.0038388504911363,-0.0030531107974497095,398.0,-0.0034459806442930048,0.00039286984684329526,0.003991759548950509,1.9659423239762661,SVR,"{'mode': 'proxy', 'type': 'ExtraTrees', 'n_estimators': 90, 'max_depth': 6, 'min_samples_split': 6}",9,"['nodes_T6W30', 'edges_T6W30', 're_T6W30', 'pe_T6W30', 'l1_T6W30', 'l2_T6W30', 'lsc_T6W30', 'density_T6W30', 'asp_T6W30']",,,,,,,,1.3782146250243512,1.393506827676409,398.0,1.3858607263503802,0.007646101326028965,0.07768831898313998,1.9659423239762661,completed,True,COMPLETE
89,1.061034940291906,2026-06-20 21:05:25.615473,2026-06-20 21:05:32.077521,0 days 00:00:06.462048,,,,,,,,,,,,,SVR,,,,10,4.0,6.0,70.0,,ExtraTrees,,,,0.005961285067222528,,3.1774336126457303,scale,rbf,,0.0,0.0,398.0,0.0,0.0,0.0,1.9659423239762661,1.0555646958081493,1.0665051847756626,398.0,1.061034940291906,0.005470244483756648,0.05558049524182286,1.9659423239762661,369287404596652.5,423473608978517.4,398.0,396380506787584.94,27093102190932.418,275279842040114.88,1.9659423239762661,2.992566560591538,3.002420908080141,398.0,2.9974937343358397,0.0049271737443014165,0.05006261743217586,1.9659423239762661,1.0,1.0,398.0,1.0,0.0,0.0,1.9659423239762661,399.0,0.9273182957393483,-0.0038388504911363,-0.0030531107974497095,398.0,-0.0034459806442930048,0.00039286984684329526,0.003991759548950509,1.9659423239762661,SVR,"{'mode': 'proxy', 'type': 'ExtraTrees', 'n_estimators': 70, 'max_depth': 4, 'min_samples_split': 6}",10,"['nodes_T6W30', 'edges_T6W30', 're_T6W30', 'pe_T6W30', 'l1_T6W30', 'l2_T6W30', 'lsc_T6W30', 'atd_T6W30', 'density_T6W30', 'diameter_T6W30']",,,,,,,,1.3782146250243512,1.393506827676409,398.0,1.3858607263503802,0.007646101326028965,0.07768831898313998,1.9659423239762661,completed,True,COMPLETE
90,1.061034940291906,2026-06-20 21:05:32.096216,2026-06-20 21:05:38.643901,0 days 00:00:06.547685,,,,,,,,,,,,,SVR,,,,10,6.0,8.0,90.0,,ExtraTrees,,,,0.09292234649185462,,16.582781068922472,scale,rbf,,0.0,0.0,398.0,0.0,0.0,0.0,1.9659423239762661,1.0555646958081493,1.0665051847756626,398.0,1.061034940291906,0.005470244483756648,0.05558049524182286,1.9659423239762661,369287404596652.5,423473608978517.4,398.0,396380506787584.94,27093102190932.418,275279842040114.88,1.9659423239762661,2.992566560591538,3.002420908080141,398.0,2.9974937343358397,0.0049271737443014165,0.05006261743217586,1.9659423239762661,1.0,1.0,398.0,1.0,0.0,0.0,1.9659423239762661,399.0,0.9273182957393483,-0.0038388504911363,-0.0030531107974497095,398.0,-0.0034459806442930048,0.00039286984684329526,0.003991759548950509,1.9659423239762661,SVR,"{'mode': 'proxy', 'type': 'ExtraTrees', 'n_estimators': 90, 'max_depth': 6, 'min_samples_split': 8}",10,"['nodes_T6W30', 'edges_T6W30', 're_T6W30', 'pe_T6W30', 'l2_T6W30', 'lsc_T6W30', 'atd_T6W30', 'density_T6W30', 'diameter_T6W30', 'asp_T6W30']",,,,,,,,1.3782146250243512,1.393506827676409,398.0,1.3858607263503802,0.007646101326028965,0.07768831898313998,1.9659423239762661,completed,True,COMPLETE
91,1.061034940291906,2026-06-20 21:05:38.662896,2026-06-20 21:05:44.973099,0 days 00:00:06.310203,,,,,,,,,,,,,SVR,,,,10,5.0,7.0,80.0,,ExtraTrees,,,,0.043621766333033204,,7.828021044116097,scale,rbf,,0.0,0.0,398.0,0.0,0.0,0.0,1.9659423239762661,1.0555646958081493,1.0665051847756626,398.0,1.061034940291906,0.005470244483756648,0.05558049524182286,1.9659423239762661,369287404596652.5,423473608978517.4,398.0,396380506787584.94,27093102190932.418,275279842040114.88,1.9659423239762661,2.992566560591538,3.002420908080141,398.0,2.9974937343358397,0.0049271737443014165,0.05006261743217586,1.9659423239762661,1.0,1.0,398.0,1.0,0.0,0.0,1.9659423239762661,399.0,0.9273182957393483,-0.0038388504911363,-0.0030531107974497095,398.0,-0.0034459806442930048,0.00039286984684329526,0.003991759548950509,1.9659423239762661,SVR,"{'mode': 'proxy', 'type': 'ExtraTrees', 'n_estimators': 80, 'max_depth': 5, 'min_samples_split': 7}",10,"['nodes_T6W30', 'edges_T6W30', 're_T6W30', 'pe_T6W30', 'l1_T6W30', 'l2_T6W30', 'lsc_T6W30', 'atd_T6W30', 'density_T6W30', 'diameter_T6W30']",,,,,,,,1.3782146250243512,1.393506827676409,398.0,1.3858607263503802,0.007646101326028965,0.07768831898313998,1.9659423239762661,completed,True,COMPLETE
92,1.061034940291906,2026-06-20 21:05:44.991414,2026-06-20 21:05:51.540435,0 days 00:00:06.549021,,,,,,,,,,,,,SVR,,,,9,5.0,7.0,70.0,,ExtraTrees,,,,0.008499268917361533,,7.401615887404754,scale,rbf,,0.0,0.0,398.0,0.0,0.0,0.0,1.9659423239762661,1.0555646958081493,1.0665051847756626,398.0,1.061034940291906,0.005470244483756648,0.05558049524182286,1.9659423239762661,369287404596652.5,423473608978517.4,398.0,396380506787584.94,27093102190932.418,275279842040114.88,1.9659423239762661,2.992566560591538,3.002420908080141,398.0,2.9974937343358397,0.0049271737443014165,0.05006261743217586,1.9659423239762661,1.0,1.0,398.0,1.0,0.0,0.0,1.9659423239762661,399.0,0.9273182957393483,-0.0038388504911363,-0.0030531107974497095,398.0,-0.0034459806442930048,0.00039286984684329526,0.003991759548950509,1.9659423239762661,SVR,"{'mode': 'proxy', 'type': 'ExtraTrees', 'n_estimators': 70, 'max_depth': 5, 'min_samples_split': 7}",9,"['nodes_T6W30', 'edges_T6W30', 're_T6W30', 'pe_T6W30', 'l2_T6W30', 'lsc_T6W30', 'atd_T6W30', 'density_T6W30', 'diameter_T6W30']",,,,,,,,1.3782146250243512,1.393506827676409,398.0,1.3858607263503802,0.007646101326028965,0.07768831898313998,1.9659423239762661,completed,True,COMPLETE
93,1.061034940291906,2026-06-20 21:05:51.558977,2026-06-20 21:05:57.969383,0 days 00:00:06.410406,,,,,,,,,,,,,SVR,,,,10,5.0,7.0,80.0,,ExtraTrees,,,,0.04875575636399282,,5.754780342044319,scale,rbf,,0.0,0.0,398.0,0.0,0.0,0.0,1.9659423239762661,1.0555646958081493,1.0665051847756626,398.0,1.061034940291906,0.005470244483756648,0.05558049524182286,1.9659423239762661,369287404596652.5,423473608978517.4,398.0,396380506787584.94,27093102190932.418,275279842040114.88,1.9659423239762661,2.992566560591538,3.002420908080141,398.0,2.9974937343358397,0.0049271737443014165,0.05006261743217586,1.9659423239762661,1.0,1.0,398.0,1.0,0.0,0.0,1.9659423239762661,399.0,0.9273182957393483,-0.0038388504911363,-0.0030531107974497095,398.0,-0.0034459806442930048,0.00039286984684329526,0.003991759548950509,1.9659423239762661,SVR,"{'mode': 'proxy', 'type': 'ExtraTrees', 'n_estimators': 80, 'max_depth': 5, 'min_samples_split': 7}",10,"['nodes_T6W30', 'edges_T6W30', 're_T6W30', 'pe_T6W30', 'l1_T6W30', 'l2_T6W30', 'lsc_T6W30', 'atd_T6W30', 'density_T6W30', 'diameter_T6W30']",,,,,,,,1.3782146250243512,1.393506827676409,398.0,1.3858607263503802,0.007646101326028965,0.07768831898313998,1.9659423239762661,completed,True,COMPLETE
94,1.061034940291906,2026-06-20 21:05:57.987354,2026-06-20 21:06:04.530800,0 days 00:00:06.543446,,,,,,,,,,,,,SVR,,,,8,4.0,7.0,90.0,,ExtraTrees,,,,0.011143736803976474,,14.67922264085875,scale,rbf,,0.0,0.0,398.0,0.0,0.0,0.0,1.9659423239762661,1.0555646958081493,1.0665051847756626,398.0,1.061034940291906,0.005470244483756648,0.05558049524182286,1.9659423239762661,369287404596652.5,423473608978517.4,398.0,396380506787584.94,27093102190932.418,275279842040114.88,1.9659423239762661,2.992566560591538,3.002420908080141,398.0,2.9974937343358397,0.0049271737443014165,0.05006261743217586,1.9659423239762661,1.0,1.0,398.0,1.0,0.0,0.0,1.9659423239762661,399.0,0.9273182957393483,-0.0038388504911363,-0.0030531107974497095,398.0,-0.0034459806442930048,0.00039286984684329526,0.003991759548950509,1.9659423239762661,SVR,"{'mode': 'proxy', 'type': 'ExtraTrees', 'n_estimators': 90, 'max_depth': 4, 'min_samples_split': 7}",8,"['nodes_T6W30', 'edges_T6W30', 're_T6W30', 'pe_T6W30', 'l1_T6W30', 'l2_T6W30', 'lsc_T6W30', 'density_T6W30']",,,,,,,,1.3782146250243512,1.393506827676409,398.0,1.3858607263503802,0.007646101326028965,0.07768831898313998,1.9659423239762661,completed,True,COMPLETE
95,1.061034940291906,2026-06-20 21:06:04.580970,2026-06-20 21:06:11.101914,0 days 00:00:06.520944,,,,,,,,,,,,,SVR,,,,9,5.0,7.0,70.0,,ExtraTrees,,,,0.05429389588959162,,3.3183040688509107,scale,rbf,,0.0,0.0,398.0,0.0,0.0,0.0,1.9659423239762661,1.0555646958081493,1.0665051847756626,398.0,1.061034940291906,0.005470244483756648,0.05558049524182286,1.9659423239762661,369287404596652.5,423473608978517.4,398.0,396380506787584.94,27093102190932.418,275279842040114.88,1.9659423239762661,2.992566560591538,3.002420908080141,398.0,2.9974937343358397,0.0049271737443014165,0.05006261743217586,1.9659423239762661,1.0,1.0,398.0,1.0,0.0,0.0,1.9659423239762661,399.0,0.9273182957393483,-0.0038388504911363,-0.0030531107974497095,398.0,-0.0034459806442930048,0.00039286984684329526,0.003991759548950509,1.9659423239762661,SVR,"{'mode': 'proxy', 'type': 'ExtraTrees', 'n_estimators': 70, 'max_depth': 5, 'min_samples_split': 7}",9,"['nodes_T6W30', 'edges_T6W30', 're_T6W30', 'pe_T6W30', 'l2_T6W30', 'lsc_T6W30', 'atd_T6W30', 'density_T6W30', 'diameter_T6W30']",,,,,,,,1.3782146250243512,1.393506827676409,398.0,1.3858607263503802,0.007646101326028965,0.07768831898313998,1.9659423239762661,completed,True,COMPLETE
96,1.1493101629207485,2026-06-20 21:06:11.119841,2026-06-20 21:06:17.819296,0 days 00:00:06.699455,,,,,,,,,,,,,SVR,,,,11,6.0,6.0,80.0,,ExtraTrees,,,,0.01312076426465049,,1.5675252186079751,scale,rbf,,-0.0868956390966667,-0.07916172942705482,398.0,-0.08302868426186076,0.003866954834805938,0.039290248440354114,1.9659423239762661,1.1417247760771714,1.1568955497643256,398.0,1.1493101629207485,0.007585386843577025,0.07707142863883266,1.9659423239762661,354926796494590.75,410364195194119.6,398.0,382645495844355.2,27718699349764.44,281636230682891.3,1.9659423239762661,3.308167649623047,3.3458329986279836,398.0,3.3270003241255153,0.018832674502468068,0.19134965149791475,1.9659423239762661,0.8059913978063593,0.8697107150709806,398.0,0.83785105643867,0.03185965863231071,0.32371050512959515,1.9659423239762661,399.0,0.9323308270676691,-0.0793674282910273,-0.07065702787946415,398.0,-0.07501222808524573,0.004355200205781574,0.04425107233020653,1.9659423239762661,SVR,"{'mode': 'proxy', 'type': 'ExtraTrees', 'n_estimators': 80, 'max_depth': 6, 'min_samples_split': 6}",11,"['nodes_T6W30', 'edges_T6W30', 're_T6W30', 'pe_T6W30', 'l1_T6W30', 'l2_T6W30', 'lsc_T6W30', 'atd_T6W30', 'density_T6W30', 'diameter_T6W30', 'asp_T6W30']",0.11426283106750938,0.1384803160479879,398.0,0.12637157355774864,0.012108742490239261,0.12303104666740913,1.9659423239762661,1.4257956530211304,1.4420178636774144,398.0,1.4339067583492724,0.008111105328142005,0.08241299862106422,1.9659423239762661,completed,True,COMPLETE
97,1.061034940291906,2026-06-20 21:06:17.838919,2026-06-20 21:06:24.226467,0 days 00:00:06.387548,,,,,,,,,,,,,SVR,,,,8,5.0,8.0,80.0,,ExtraTrees,,,,0.0051511509363620905,,11.259407073493197,scale,rbf,,0.0,0.0,398.0,0.0,0.0,0.0,1.9659423239762661,1.0555646958081493,1.0665051847756626,398.0,1.061034940291906,0.005470244483756648,0.05558049524182286,1.9659423239762661,369287404596652.5,423473608978517.4,398.0,396380506787584.94,27093102190932.418,275279842040114.88,1.9659423239762661,2.992566560591538,3.002420908080141,398.0,2.9974937343358397,0.0049271737443014165,0.05006261743217586,1.9659423239762661,1.0,1.0,398.0,1.0,0.0,0.0,1.9659423239762661,399.0,0.9273182957393483,-0.0038388504911363,-0.0030531107974497095,398.0,-0.0034459806442930048,0.00039286984684329526,0.003991759548950509,1.9659423239762661,SVR,"{'mode': 'proxy', 'type': 'ExtraTrees', 'n_estimators': 80, 'max_depth': 5, 'min_samples_split': 8}",8,"['nodes_T6W30', 'edges_T6W30', 're_T6W30', 'pe_T6W30', 'l1_T6W30', 'l2_T6W30', 'lsc_T6W30', 'atd_T6W30']",,,,,,,,1.3782146250243512,1.393506827676409,398.0,1.3858607263503802,0.007646101326028965,0.07768831898313998,1.9659423239762661,completed,True,COMPLETE
98,1.061034940291906,2026-06-20 21:06:24.244679,2026-06-20 21:06:30.691312,0 days 00:00:06.446633,,,,,,,,,,,,,SVR,,,,9,5.0,8.0,90.0,,ExtraTrees,,,,0.05397377128348236,2.0,4.451090831947263,scale,poly,,0.0,0.0,398.0,0.0,0.0,0.0,1.9659423239762661,1.0555646958081493,1.0665051847756626,398.0,1.061034940291906,0.005470244483756648,0.05558049524182286,1.9659423239762661,369287404596652.5,423473608978517.4,398.0,396380506787584.94,27093102190932.418,275279842040114.88,1.9659423239762661,2.992566560591538,3.002420908080141,398.0,2.9974937343358397,0.0049271737443014165,0.05006261743217586,1.9659423239762661,1.0,1.0,398.0,1.0,0.0,0.0,1.9659423239762661,399.0,0.9273182957393483,-0.0038388504911363,-0.0030531107974497095,398.0,-0.0034459806442930048,0.00039286984684329526,0.003991759548950509,1.9659423239762661,SVR,"{'mode': 'proxy', 'type': 'ExtraTrees', 'n_estimators': 90, 'max_depth': 5, 'min_samples_split': 8}",9,"['nodes_T6W30', 'edges_T6W30', 're_T6W30', 'pe_T6W30', 'l1_T6W30', 'l2_T6W30', 'lsc_T6W30', 'density_T6W30', 'diameter_T6W30']",,,,,,,,1.3782146250243512,1.393506827676409,398.0,1.3858607263503802,0.007646101326028965,0.07768831898313998,1.9659423239762661,completed,True,COMPLETE
99,1.061034940291906,2026-06-20 21:06:30.709666,2026-06-20 21:06:36.944930,0 days 00:00:06.235264,,,,,,,,,,,,,SVR,,,,10,,,,,,,,,0.01839046625409249,,30.20470472147516,scale,linear,,0.0,0.0,398.0,0.0,0.0,0.0,1.9659423239762661,1.0555646958081493,1.0665051847756626,398.0,1.061034940291906,0.005470244483756648,0.05558049524182286,1.9659423239762661,369287404596652.5,423473608978517.4,398.0,396380506787584.94,27093102190932.418,275279842040114.88,1.9659423239762661,2.992566560591538,3.002420908080141,398.0,2.9974937343358397,0.0049271737443014165,0.05006261743217586,1.9659423239762661,1.0,1.0,398.0,1.0,0.0,0.0,1.9659423239762661,399.0,0.9273182957393483,-0.0038388504911363,-0.0030531107974497095,398.0,-0.0034459806442930048,0.00039286984684329526,0.003991759548950509,1.9659423239762661,SVR,"{'mode': 'original', 'type': 'SVR'}",10,"['pe_T6W30', 'l1_T6W30', 'l2_T6W30', 'l3_T6W30', 'lcc_T6W30', 'lsc_T6W30', 'atd_T6W30', 'density_T6W30', 'diameter_T6W30', 'asp_T6W30']",,,,,,,,1.3782146250243512,1.393506827676409,398.0,1.3858607263503802,0.007646101326028965,0.07768831898313998,1.9659423239762661,completed,True,COMPLETE
100,2.937539928252003,2026-06-20 21:06:36.963133,2026-06-20 21:07:33.871684,0 days 00:00:56.908551,,,,,,,,,0.01422986586120461,,,,GaussianProcessRegressor,,,,8,4.0,7.0,70.0,,ExtraTrees,,,,,,,,,,-1.7962138038436697,-1.759780116509695,398.0,-1.7779969601766823,0.018216843666987347,0.18509249371953002,1.9659423239762661,2.9320830845698187,2.942996771934187,398.0,2.937539928252003,0.005456843682184329,0.05544433621086208,1.9659423239762661,0.968656656599396,0.9726672413808487,398.0,0.9706619489901224,0.0020052923907263624,0.020374801256540773,1.9659423239762661,5.956296093430447,5.988566061958023,398.0,5.972431077694235,0.016134984263787597,0.1639397322666773,1.9659423239762661,3.0,3.0,398.0,3.0,0.0,0.0,1.9659423239762661,399.0,1.0,-4.623621847790447,-4.501170091240895,398.0,-4.562395969515671,0.06122587827477568,0.6220863886856178,1.9659423239762661,GaussianProcessRegressor,"{'mode': 'proxy', 'type': 'ExtraTrees', 'n_estimators': 70, 'max_depth': 4, 'min_samples_split': 7}",8,"['nodes_T6W30', 'edges_T6W30', 're_T6W30', 'pe_T6W30', 'l1_T6W30', 'l2_T6W30', 'lsc_T6W30', 'density_T6W30']",0.11193961788721,0.13701586927353954,367.0,0.12447774358037478,0.01253812569316477,0.1223133477333455,1.9664489463121344,3.2439416126991616,3.2522408562190503,398.0,3.248091234459106,0.004149621759944492,0.04216228966891998,1.9659423239762661,completed,True,COMPLETE
101,0.0,2026-06-20 21:07:33.961539,2026-06-20 21:07:34.444177,0 days 00:00:00.482638,,,,,,,,,,,,,SVR,,,,9,5.0,7.0,80.0,,ExtraTrees,,,,0.03860462301330393,,8.813859391967387,scale,rbf,,,,,,,,,,,,,,,,,,,,,,,,,,,,,,,,,,,,,,,,,,,,,,SVR,"{'mode': 'proxy', 'type': 'ExtraTrees', 'n_estimators': 80, 'max_depth': 5, 'min_samples_split': 7}",9,"['nodes_T6W30', 'edges_T6W30', 're_T6W30', 'pe_T6W30', 'l2_T6W30', 'lsc_T6W30', 'atd_T6W30', 'density_T6W30', 'diameter_T6W30']",,,,,,,,,,,,,,,pruned,True,PRUNED
102,0.0,2026-06-20 21:07:34.454513,2026-06-20 21:07:34.942138,0 days 00:00:00.487625,,,,,,,,,,,,,SVR,,,,9,5.0,7.0,80.0,,ExtraTrees,,,,0.02577275742420481,,4.904730196580052,scale,rbf,,,,,,,,,,,,,,,,,,,,,,,,,,,,,,,,,,,,,,,,,,,,,,SVR,"{'mode': 'proxy', 'type': 'ExtraTrees', 'n_estimators': 80, 'max_depth': 5, 'min_samples_split': 7}",9,"['nodes_T6W30', 'edges_T6W30', 're_T6W30', 'pe_T6W30', 'l2_T6W30', 'lsc_T6W30', 'atd_T6W30', 'density_T6W30', 'diameter_T6W30']",,,,,,,,,,,,,,,pruned,True,PRUNED
103,0.0,2026-06-20 21:07:34.952345,2026-06-20 21:07:35.422342,0 days 00:00:00.469997,,,,,,,,,,,,,SVR,,,,9,5.0,7.0,80.0,,ExtraTrees,,,,0.058783580440254106,,10.120732730909852,scale,rbf,,,,,,,,,,,,,,,,,,,,,,,,,,,,,,,,,,,,,,,,,,,,,,SVR,"{'mode': 'proxy', 'type': 'ExtraTrees', 'n_estimators': 80, 'max_depth': 5, 'min_samples_split': 7}",9,"['nodes_T6W30', 'edges_T6W30', 're_T6W30', 'pe_T6W30', 'l2_T6W30', 'lsc_T6W30', 'atd_T6W30', 'density_T6W30', 'diameter_T6W30']",,,,,,,,,,,,,,,pruned,True,PRUNED
104,1.1346608329792742,2026-06-20 21:07:35.432564,2026-06-20 21:07:42.139488,0 days 00:00:06.706924,,,,,,,,,,,,,LinearRegression,,,,10,,,,,,,,,,,,,,True,-0.07543749233523715,-0.06506184909574649,398.0,-0.07024967071549182,0.00518782161974534,0.05271093379973855,1.9659423239762661,1.1280230830152371,1.1412985829433113,398.0,1.1346608329792742,0.006637749964037011,0.0674429509299024,1.9659423239762661,339135699762455.0,389413267649922.6,398.0,364274483706188.8,25138783943733.79,255422964278623.0,1.9659423239762661,3.5112698887391556,3.6281485646401315,398.0,3.5697092266896435,0.058439337950488064,0.5937737069224703,1.9659423239762661,1.0011116423065163,1.019837342456432,398.0,1.0104744923814741,0.009362850074957801,0.0951313685496773,1.9659423239762661,399.0,0.6892230576441103,-0.07883215327711751,-0.05566261004235909,398.0,-0.0672473816597383,0.011584771617379214,0.11770723331823833,1.9659423239762661,LinearRegression,"{'mode': 'original', 'type': 'LinearRegression'}",10,"['nodes_T6W30', 'edges_T6W30', 'pe_T6W30', 'l1_T6W30', 'lcc_T6W30', 'lsc_T6W30', 'atd_T6W30', 'density_T6W30', 'diameter_T6W30', 'asp_T6W30']",0.09202689302977687,0.11539239463304521,398.0,0.10370964383141104,0.011682750801634173,0.118702752184068,1.9659423239762661,1.416953449071105,1.43436453856856,398.0,1.4256589938198325,0.00870554474872753,0.08845280863056425,1.9659423239762661,completed,True,COMPLETE
105,1.2305489213229153,2026-06-20 21:07:42.157092,2026-06-20 21:08:38.594679,0 days 00:00:56.437587,,,,,,,,,,,,,StackingRegressor,,,,8,6.0,7.0,80.0,,ExtraTrees,,,RandomForestRegressor,,,,,,True,-0.16846237088476254,-0.15252067986235243,398.0,-0.1604915253735575,0.007970845511205053,0.08098788679817735,1.9659423239762661,1.2209369927393914,1.2401608499064392,398.0,1.2305489213229153,0.00961192858352392,0.09766213420399268,1.9659423239762661,365313237343381.0,420856926710776.0,398.0,393085082027078.5,27771844683697.53,282176214588284.25,1.9659423239762661,3.6566567673480357,3.7478043855341703,398.0,3.702230576441103,0.04557380909306712,0.4630533218342432,1.9659423239762661,1.023264110796569,1.0509714781758617,398.0,1.0371177944862153,0.013853683689646344,0.14076054601956653,1.9659423239762661,399.0,0.9649122807017544,-0.2566611351142553,-0.22477699001006818,398.0,-0.24071906256216175,0.015942072552093556,0.1619796501340156,1.9659423239762661,StackingRegressor,"{'mode': 'proxy', 'type': 'ExtraTrees', 'n_estimators': 80, 'max_depth': 6, 'min_samples_split': 7}",8,"['nodes_T6W30', 'edges_T6W30', 're_T6W30', 'pe_T6W30', 'l1_T6W30', 'l2_T6W30', 'lsc_T6W30', 'density_T6W30']",-0.013890186880134629,0.013879150910846258,398.0,-5.517984644185731e-06,0.013884668895490443,0.1410753716349661,1.9659423239762661,1.5252154984939137,1.5479100456897175,398.0,1.5365627720918156,0.011347273597901924,0.1152941313845502,1.9659423239762661,completed,True,COMPLETE
106,0.0,2026-06-20 21:08:38.614010,2026-06-20 21:08:39.113345,0 days 00:00:00.499335,,,,,,,,,,,,,SVR,,,,9,5.0,6.0,90.0,,ExtraTrees,,,,0.016160326757865114,,28.052692613484673,scale,rbf,,,,,,,,,,,,,,,,,,,,,,,,,,,,,,,,,,,,,,,,,,,,,,SVR,"{'mode': 'proxy', 'type': 'ExtraTrees', 'n_estimators': 90, 'max_depth': 5, 'min_samples_split': 6}",9,"['nodes_T6W30', 'edges_T6W30', 're_T6W30', 'pe_T6W30', 'l2_T6W30', 'lsc_T6W30', 'atd_T6W30', 'density_T6W30', 'diameter_T6W30']",,,,,,,,,,,,,,,pruned,True,PRUNED
107,1.1536381495316017,2026-06-20 21:08:39.123734,2026-06-20 21:08:49.590297,0 days 00:00:10.466563,,,,,,,,,,,,,RandomForestRegressor,5.0,5.0,10.0,9,,,,,,,,,,,,,,True,-0.09315680511353384,-0.08189003977872363,398.0,-0.08752342244612873,0.005633382667405107,0.05723806302822752,1.9659423239762661,1.145566108249868,1.1617101908133354,398.0,1.1536381495316017,0.008072041281733689,0.08201608783362666,1.9659423239762661,360376045394432.5,415846761905655.1,398.0,388111403650043.8,27735358255611.3,281805493727697.56,1.9659423239762661,3.447180848888354,3.5496732817586536,398.0,3.498427065323504,0.05124621643514963,0.5206878956128881,1.9659423239762661,0.9836199558260508,1.0082550568409363,398.0,0.9959375063334935,0.01231755050744275,0.1251526434335308,1.9659423239762661,399.0,0.8421052631578947,-0.11504810977610212,-0.09380000307398824,398.0,-0.10442405642504518,0.010624053351056937,0.107945841996769,1.9659423239762661,RandomForestRegressor,"{'mode': 'original', 'type': 'RandomForestRegressor'}",9,"['nodes_T6W30', 're_T6W30', 'pe_T6W30', 'l1_T6W30', 'l2_T6W30', 'lcc_T6W30', 'lsc_T6W30', 'density_T6W30', 'asp_T6W30']",0.049457650574716766,0.07492058871029908,398.0,0.06218911964250792,0.012731469067791153,0.12935826872912043,1.9659423239762661,1.4419465518986923,1.4609867200293611,398.0,1.4514666359640267,0.009520084065334484,0.0967289466981374,1.9659423239762661,completed,True,COMPLETE
108,1.158460158002355,2026-06-20 21:08:49.619905,2026-06-20 21:08:56.161700,0 days 00:00:06.541795,,2.0,6.0,,,,,,,,,,DecisionTreeRegressor,,,,10,,,,,,,,,,,,,,True,-0.09841663295175546,-0.08606825144869212,398.0,-0.09224244220022379,0.00617419075153167,0.06273295109690363,1.9659423239762661,1.1502354412123104,1.1666848747923997,398.0,1.158460158002355,0.0082247167900447,0.08356734946158875,1.9659423239762661,377195493136048.44,435604660635210.06,398.0,406400076885629.25,29204583749580.824,296733579815845.94,1.9659423239762661,3.6263021159500264,3.8042193836825096,398.0,3.715260749816268,0.08895863386624152,0.9038654380080274,1.9659423239762661,0.9954861253583868,1.0265696086122063,398.0,1.0110278669852966,0.015541741626909751,0.15791208219470249,1.9659423239762661,399.0,0.9022556390977443,-0.16262854346120997,-0.13515105327212568,398.0,-0.14888979836666782,0.01373874509454215,0.1395927108236699,1.9659423239762661,DecisionTreeRegressor,"{'mode': 'original', 'type': 'DecisionTreeRegressor'}",10,"['pe_T6W30', 'l1_T6W30', 'l2_T6W30', 'l3_T6W30', 'lcc_T6W30', 'lsc_T6W30', 'atd_T6W30', 'density_T6W30', 'diameter_T6W30', 'asp_T6W30']",0.013764833166358504,0.03959830712865112,395.0,0.026681570147504812,0.012916736981146308,0.1307433402461407,1.9659878660673014,1.4686601707661988,1.4902871403459832,398.0,1.479473655556091,0.01081348478989217,0.10987056276859142,1.9659423239762661,completed,True,COMPLETE
109,0.0,2026-06-20 21:08:56.180793,2026-06-20 21:08:56.555458,0 days 00:00:00.374665,,,,,,,,,,,,,SVR,,,,9,,,,,,,,,0.026911226598302394,,5.102770545224337,scale,linear,,,,,,,,,,,,,,,,,,,,,,,,,,,,,,,,,,,,,,,,,,,,,,SVR,"{'mode': 'original', 'type': 'SVR'}",9,"['l1_T6W30', 'l2_T6W30', 'l3_T6W30', 'lcc_T6W30', 'lsc_T6W30', 'atd_T6W30', 'density_T6W30', 'diameter_T6W30', 'asp_T6W30']",,,,,,,,,,,,,,,pruned,True,PRUNED
110,0.0,2026-06-20 21:08:56.565588,2026-06-20 21:08:56.929588,0 days 00:00:00.364000,,,,,,,,,,,,,SVR,,,,11,5.0,7.0,70.0,,ExtraTrees,,,,0.27626244083662616,,11.003636481066616,scale,rbf,,,,,,,,,,,,,,,,,,,,,,,,,,,,,,,,,,,,,,,,,,,,,,SVR,"{'mode': 'proxy', 'type': 'ExtraTrees', 'n_estimators': 70, 'max_depth': 5, 'min_samples_split': 7}",11,"['nodes_T6W30', 'edges_T6W30', 're_T6W30', 'pe_T6W30', 'l1_T6W30', 'l2_T6W30', 'lsc_T6W30', 'atd_T6W30', 'density_T6W30', 'diameter_T6W30', 'asp_T6W30']",,,,,,,,,,,,,,,pruned,True,PRUNED
111,0.0,2026-06-20 21:08:56.940176,2026-06-20 21:08:57.395871,0 days 00:00:00.455695,,,,,,,,,,,,,SVR,,,,9,5.0,7.0,80.0,,ExtraTrees,,,,0.029101144282368215,,7.643645756014917,scale,rbf,,,,,,,,,,,,,,,,,,,,,,,,,,,,,,,,,,,,,,,,,,,,,,SVR,"{'mode': 'proxy', 'type': 'ExtraTrees', 'n_estimators': 80, 'max_depth': 5, 'min_samples_split': 7}",9,"['nodes_T6W30', 'edges_T6W30', 're_T6W30', 'pe_T6W30', 'l2_T6W30', 'lsc_T6W30', 'atd_T6W30', 'density_T6W30', 'diameter_T6W30']",,,,,,,,,,,,,,,pruned,True,PRUNED
112,0.0,2026-06-20 21:08:57.407275,2026-06-20 21:08:57.867007,0 days 00:00:00.459732,,,,,,,,,,,,,SVR,,,,9,5.0,7.0,80.0,,ExtraTrees,,,,0.013162234847271938,,9.221510406071948,scale,rbf,,,,,,,,,,,,,,,,,,,,,,,,,,,,,,,,,,,,,,,,,,,,,,SVR,"{'mode': 'proxy', 'type': 'ExtraTrees', 'n_estimators': 80, 'max_depth': 5, 'min_samples_split': 7}",9,"['nodes_T6W30', 'edges_T6W30', 're_T6W30', 'pe_T6W30', 'l2_T6W30', 'lsc_T6W30', 'atd_T6W30', 'density_T6W30', 'diameter_T6W30']",,,,,,,,,,,,,,,pruned,True,PRUNED
113,-0.012142281624200783,2026-06-20 21:08:57.877500,2026-06-20 21:08:58.440408,0 days 00:00:00.562908,,,,,,,,,,,,,SVR,,,,8,4.0,8.0,80.0,,ExtraTrees,,,,0.034782136186379826,,1.851393279414683,auto,rbf,,,,,,,,,,,,,,,,,,,,,,,,,,,,,,,,,,,,,,,,,,,,,,SVR,"{'mode': 'proxy', 'type': 'ExtraTrees', 'n_estimators': 80, 'max_depth': 4, 'min_samples_split': 8}",8,"['nodes_T6W30', 'edges_T6W30', 're_T6W30', 'pe_T6W30', 'l1_T6W30', 'l2_T6W30', 'lsc_T6W30', 'density_T6W30']",,,,,,,,,,,,,,,pruned,True,PRUNED
114,0.0,2026-06-20 21:08:58.450785,2026-06-20 21:08:58.877667,0 days 00:00:00.426882,,,,,,,,,,,,,SVR,,,,10,5.0,7.0,80.0,,ExtraTrees,,,,0.00454177907674672,5.0,4.685344814519278,scale,poly,,,,,,,,,,,,,,,,,,,,,,,,,,,,,,,,,,,,,,,,,,,,,,SVR,"{'mode': 'proxy', 'type': 'ExtraTrees', 'n_estimators': 80, 'max_depth': 5, 'min_samples_split': 7}",10,"['nodes_T6W30', 'edges_T6W30', 're_T6W30', 'pe_T6W30', 'l1_T6W30', 'l2_T6W30', 'lsc_T6W30', 'atd_T6W30', 'density_T6W30', 'diameter_T6W30']",,,,,,,,,,,,,,,pruned,True,PRUNED
115,1.1392816027472032,2026-06-20 21:08:58.887988,2026-06-20 21:11:07.464996,0 days 00:02:08.577008,,,,,,13.0,5.0,500.0,,,,,ExtraTreesRegressor,,,,9,,,,,,,,,,,,,,True,-0.07981027242538895,-0.06844796307198521,398.0,-0.07412911774868708,0.005681154676701865,0.057723451193837864,1.9659423239762661,1.1314283011789066,1.1471349043155,398.0,1.1392816027472032,0.0078533015682966,0.07979357992964016,1.9659423239762661,345016839936141.94,398275139712524.7,398.0,371645989824333.3,26629149888191.39,270565848208303.22,1.9659423239762661,3.5581756668343516,3.6522525859946366,398.0,3.605214126414494,0.047038459580142376,0.47793492350114253,1.9659423239762661,0.9585179485050819,0.9806355664098585,398.0,0.9695767574574702,0.011058808952388284,0.11236318233738908,1.9659423239762661,399.0,0.7568922305764411,-0.09497782773173512,-0.07267268285367338,398.0,-0.08382525529270425,0.011152572439030861,0.11331586754893115,1.9659423239762661,ExtraTreesRegressor,"{'mode': 'original', 'type': 'ExtraTreesRegressor'}",9,"['edges_T6W30', 're_T6W30', 'pe_T6W30', 'l1_T6W30', 'l2_T6W30', 'lsc_T6W30', 'density_T6W30', 'diameter_T6W30', 'asp_T6W30']",0.08335227724015769,0.10861288443041563,398.0,0.09598258083528666,0.012630303595128973,0.1283303755355651,1.9659423239762661,1.4278664543880937,1.4470918615107817,398.0,1.4374791579494377,0.00961270356134399,0.09767000837692386,1.9659423239762661,completed,True,COMPLETE
116,1.107893211956838,2026-06-20 21:11:07.483329,2026-06-20 21:11:13.923485,0 days 00:00:06.440156,,,,,,,,,,,,,Ridge,,,,9,,,,,,0.49626458002426527,lsqr,,,,,,,True,-0.04825844310064815,-0.04087284710484696,398.0,-0.044565645102747554,0.003692797997900596,0.037520725474115356,1.9659423239762661,1.10168353885823,1.1141028850554462,398.0,1.107893211956838,0.006209673098607994,0.06309346997840891,1.9659423239762661,354378721000427.94,406737423356858.7,398.0,380558072178643.3,26179351178215.36,265995662152847.06,1.9659423239762661,3.3558878995379597,3.433900493183353,398.0,3.3948941963606565,0.039006296822696705,0.3963240219687904,1.9659423239762661,0.9691790611707639,0.984983183913022,398.0,0.9770811225418929,0.007902061371129017,0.08028900458522305,1.9659423239762661,399.0,0.6416040100250626,-0.04600788983284933,-0.030819620287068056,398.0,-0.03841375505995869,0.007594134772890635,0.07716031209642486,1.9659423239762661,Ridge,"{'mode': 'original', 'type': 'Ridge'}",9,"['nodes_T6W30', 'pe_T6W30', 'l1_T6W30', 'lcc_T6W30', 'lsc_T6W30', 'atd_T6W30', 'density_T6W30', 'diameter_T6W30', 'asp_T6W30']",0.06605975352738437,0.08937761373804128,398.0,0.07771868363271282,0.01165893010532845,0.1184607216675877,1.9659423239762661,1.4000970901651766,1.4159809155940828,398.0,1.4080390028796297,0.007941912714453025,0.08069391471393436,1.9659423239762661,completed,True,COMPLETE
117,0.0,2026-06-20 21:11:13.941338,2026-06-20 21:11:14.516727,0 days 00:00:00.575389,,,,,,,,,,,,,SVR,,,,8,6.0,7.0,90.0,,ExtraTrees,,,,0.024114604332589856,,22.328163847765843,auto,rbf,,,,,,,,,,,,,,,,,,,,,,,,,,,,,,,,,,,,,,,,,,,,,,SVR,"{'mode': 'proxy', 'type': 'ExtraTrees', 'n_estimators': 90, 'max_depth': 6, 'min_samples_split': 7}",8,"['nodes_T6W30', 'edges_T6W30', 're_T6W30', 'pe_T6W30', 'l1_T6W30', 'l2_T6W30', 'lsc_T6W30', 'atd_T6W30']",,,,,,,,,,,,,,,pruned,True,PRUNED
118,0.0,2026-06-20 21:11:14.526918,2026-06-20 21:11:14.988628,0 days 00:00:00.461710,,,,,,,,,,,,,SVR,,,,10,5.0,7.0,80.0,,ExtraTrees,,,,0.01710652929477633,,6.226449464658457,scale,rbf,,,,,,,,,,,,,,,,,,,,,,,,,,,,,,,,,,,,,,,,,,,,,,SVR,"{'mode': 'proxy', 'type': 'ExtraTrees', 'n_estimators': 80, 'max_depth': 5, 'min_samples_split': 7}",10,"['nodes_T6W30', 'edges_T6W30', 're_T6W30', 'pe_T6W30', 'l1_T6W30', 'l2_T6W30', 'lsc_T6W30', 'atd_T6W30', 'density_T6W30', 'diameter_T6W30']",,,,,,,,,,,,,,,pruned,True,PRUNED
119,1.1438389465528653,2026-06-20 21:11:14.998968,2026-06-20 21:14:04.652359,0 days 00:02:49.653391,282.0,,,,,,,,,,,,BaggingRegressor,,,,9,5.0,8.0,70.0,,ExtraTrees,,,,,,,,,True,-0.08383951453545396,-0.07294899893905246,398.0,-0.07839425673725321,0.005445257798200745,0.05532661767533153,1.9659423239762661,1.1361084838066546,1.151569409299076,398.0,1.1438389465528653,0.00773046274621076,0.07854547436749816,1.9659423239762661,356132927078642.6,411028973178959.5,398.0,383580950128801.06,27448023050158.453,278886020371999.78,1.9659423239762661,3.532296864484257,3.640884315415848,398.0,3.5865905899500525,0.05429372546579557,0.5516521535505712,1.9659423239762661,0.9362454554577966,0.9601622304235735,398.0,0.948203842940685,0.011958387482888463,0.12150336252176262,1.9659423239762661,399.0,0.8295739348370927,-0.10796759782971806,-0.08627213337170798,398.0,-0.09711986560071302,0.010847732229005036,0.11021853435053978,1.9659423239762661,BaggingRegressor,"{'mode': 'proxy', 'type': 'ExtraTrees', 'n_estimators': 70, 'max_depth': 5, 'min_samples_split': 8}",9,"['nodes_T6W30', 'edges_T6W30', 're_T6W30', 'pe_T6W30', 'l1_T6W30', 'l2_T6W30', 'lsc_T6W30', 'atd_T6W30', 'density_T6W30']",0.07969548172826416,0.10393309675507231,398.0,0.09181428924166823,0.012118807513404084,0.12313331247541505,1.9659423239762661,1.4369534544005695,1.4559956732574952,398.0,1.4464745638290324,0.009521109428462902,0.09673936491448026,1.9659423239762661,completed,True,COMPLETE
120,0.0,2026-06-20 21:14:04.670629,2026-06-20 21:14:05.119265,0 days 00:00:00.448636,,,,,,,,,,,,,SVR,,,,9,4.0,6.0,80.0,,ExtraTrees,,,,0.07626730728770793,,11.491990900045252,scale,rbf,,,,,,,,,,,,,,,,,,,,,,,,,,,,,,,,,,,,,,,,,,,,,,SVR,"{'mode': 'proxy', 'type': 'ExtraTrees', 'n_estimators': 80, 'max_depth': 4, 'min_samples_split': 6}",9,"['nodes_T6W30', 'edges_T6W30', 're_T6W30', 'pe_T6W30', 'l1_T6W30', 'l2_T6W30', 'lsc_T6W30', 'atd_T6W30', 'density_T6W30']",,,,,,,,,,,,,,,pruned,True,PRUNED
121,0.0,2026-06-20 21:14:05.129468,2026-06-20 21:14:05.650631,0 days 00:00:00.521163,,,,,,,,,,,,,SVR,,,,9,5.0,7.0,80.0,,ExtraTrees,,,,0.027832261920896297,,7.001280063280478,scale,rbf,,,,,,,,,,,,,,,,,,,,,,,,,,,,,,,,,,,,,,,,,,,,,,SVR,"{'mode': 'proxy', 'type': 'ExtraTrees', 'n_estimators': 80, 'max_depth': 5, 'min_samples_split': 7}",9,"['nodes_T6W30', 'edges_T6W30', 're_T6W30', 'pe_T6W30', 'l2_T6W30', 'lsc_T6W30', 'atd_T6W30', 'density_T6W30', 'diameter_T6W30']",,,,,,,,,,,,,,,pruned,True,PRUNED
122,0.0,2026-06-20 21:14:05.660919,2026-06-20 21:14:06.136130,0 days 00:00:00.475211,,,,,,,,,,,,,SVR,,,,9,5.0,7.0,80.0,,ExtraTrees,,,,0.029588629491428542,,3.3899146548487304,scale,rbf,,,,,,,,,,,,,,,,,,,,,,,,,,,,,,,,,,,,,,,,,,,,,,SVR,"{'mode': 'proxy', 'type': 'ExtraTrees', 'n_estimators': 80, 'max_depth': 5, 'min_samples_split': 7}",9,"['nodes_T6W30', 'edges_T6W30', 're_T6W30', 'pe_T6W30', 'l2_T6W30', 'lsc_T6W30', 'atd_T6W30', 'density_T6W30', 'diameter_T6W30']",,,,,,,,,,,,,,,pruned,True,PRUNED
123,0.0,2026-06-20 21:14:06.146402,2026-06-20 21:14:06.641514,0 days 00:00:00.495112,,,,,,,,,,,,,SVR,,,,8,5.0,7.0,80.0,,ExtraTrees,,,,0.01717188985617119,,63.09027465497539,scale,rbf,,,,,,,,,,,,,,,,,,,,,,,,,,,,,,,,,,,,,,,,,,,,,,SVR,"{'mode': 'proxy', 'type': 'ExtraTrees', 'n_estimators': 80, 'max_depth': 5, 'min_samples_split': 7}",8,"['nodes_T6W30', 'edges_T6W30', 're_T6W30', 'pe_T6W30', 'l2_T6W30', 'lsc_T6W30', 'atd_T6W30', 'density_T6W30']",,,,,,,,,,,,,,,pruned,True,PRUNED
124,1.1116784831955109,2026-06-20 21:14:06.651645,2026-06-20 21:14:13.462764,0 days 00:00:06.811119,,,,,,,,,,minkowski,11.0,uniform,KNeighborsRegressor,,,,9,6.0,7.0,90.0,,ExtraTrees,,,,,,,,,,-0.05304411025653275,-0.04303961587731223,398.0,-0.04804186306692249,0.005002247189610259,0.05082540221851687,1.9659423239762661,1.104355410917638,1.1190015554733839,398.0,1.1116784831955109,0.007323072277872895,0.0744061778416751,1.9659423239762661,349836932162952.7,402603968950803.2,398.0,376220450556877.94,26383518393925.23,268070105990776.88,1.9659423239762661,3.281301630772049,3.3366067766100427,398.0,3.3089542036910458,0.027652572918996855,0.2809643521623699,1.9659423239762661,0.949346301552866,0.9727316205250562,398.0,0.9610389610389611,0.011692659486095084,0.11880342951049604,1.9659423239762661,399.0,0.5338345864661654,-0.02350538914843066,-0.005676236738230277,398.0,-0.01459081294333047,0.008914576205100192,0.09057667565347535,1.9659423239762661,KNeighborsRegressor,"{'mode': 'proxy', 'type': 'ExtraTrees', 'n_estimators': 90, 'max_depth': 6, 'min_samples_split': 7}",9,"['nodes_T6W30', 'edges_T6W30', 're_T6W30', 'pe_T6W30', 'l1_T6W30', 'l2_T6W30', 'lsc_T6W30', 'atd_T6W30', 'asp_T6W30']",0.15889025432483872,0.18339193485491784,398.0,0.17114109458987828,0.012250840265039553,0.12447483308675715,1.9659423239762661,1.382638719340102,1.4003873077285254,398.0,1.3915130135343137,0.00887429419421171,0.0901673897209788,1.9659423239762661,completed,True,COMPLETE
125,0.0,2026-06-20 21:14:13.480716,2026-06-20 21:14:13.893812,0 days 00:00:00.413096,,,,,,,,,,,,,SVR,,,,10,5.0,3.0,80.0,,ExtraTrees,,,,0.009281609389796715,,10.675556972049996,scale,rbf,,,,,,,,,,,,,,,,,,,,,,,,,,,,,,,,,,,,,,,,,,,,,,SVR,"{'mode': 'proxy', 'type': 'ExtraTrees', 'n_estimators': 80, 'max_depth': 5, 'min_samples_split': 3}",10,"['nodes_T6W30', 'edges_T6W30', 're_T6W30', 'pe_T6W30', 'l1_T6W30', 'l2_T6W30', 'lsc_T6W30', 'atd_T6W30', 'density_T6W30', 'diameter_T6W30']",,,,,,,,,,,,,,,pruned,True,PRUNED
126,0.0,2026-06-20 21:14:13.904046,2026-06-20 21:14:14.374429,0 days 00:00:00.470383,,,,,,,,,,,,,SVR,,,,9,5.0,7.0,70.0,,ExtraTrees,,,,0.034371951789574015,,5.520288385493869,scale,rbf,,,,,,,,,,,,,,,,,,,,,,,,,,,,,,,,,,,,,,,,,,,,,,SVR,"{'mode': 'proxy', 'type': 'ExtraTrees', 'n_estimators': 70, 'max_depth': 5, 'min_samples_split': 7}",9,"['nodes_T6W30', 'edges_T6W30', 're_T6W30', 'pe_T6W30', 'l2_T6W30', 'lsc_T6W30', 'atd_T6W30', 'density_T6W30', 'diameter_T6W30']",,,,,,,,,,,,,,,pruned,True,PRUNED
127,1.186692444722175,2026-06-20 21:14:14.384602,2026-06-20 21:14:21.160936,0 days 00:00:06.776334,,,,,,,,,,,,,SVR,,,,8,4.0,7.0,80.0,,ExtraTrees,,,,0.17383849228455764,,2.5317418331929233,scale,rbf,,-0.12094695259986313,-0.1159895070357605,398.0,-0.11846822981781181,0.002478722782051317,0.025185097339376978,1.9659423239762661,1.1801084675649132,1.1932764218794367,398.0,1.186692444722175,0.006583977157261736,0.06689659157795985,1.9659423239762661,409612597226120.6,470475672827639.25,398.0,440044135026879.94,30431537800759.293,309200063536264.2,1.9659423239762661,3.2043487189698006,3.256614312910502,398.0,3.230481515940151,0.026132796970350855,0.2655226474756451,1.9659423239762661,1.1737445803146422,1.1961295608908555,398.0,1.1849370706027489,0.01119249028810676,0.11372145341026053,1.9659423239762661,399.0,0.9573934837092731,-0.08112227436873516,-0.07286888235636442,398.0,-0.07699557836254979,0.004126696006185372,0.04192935222864512,1.9659423239762661,SVR,"{'mode': 'proxy', 'type': 'ExtraTrees', 'n_estimators': 80, 'max_depth': 4, 'min_samples_split': 7}",8,"['nodes_T6W30', 'edges_T6W30', 're_T6W30', 'pe_T6W30', 'l1_T6W30', 'l2_T6W30', 'lsc_T6W30', 'density_T6W30']",0.14569277914907366,0.16905458621473793,398.0,0.1573736826819058,0.011680903532832127,0.11868398298368447,1.9659423239762661,1.4269228318483755,1.4446163597559456,398.0,1.4357695958021606,0.008846763953784954,0.08988766832980713,1.9659423239762661,completed,True,COMPLETE
128,2.937539928252003,2026-06-20 21:14:21.179043,2026-06-20 21:15:20.856146,0 days 00:00:59.677103,,,,,,,,,1.1879683933907698e-10,,,,GaussianProcessRegressor,,,,9,,,,0.4558809112716259,LinearSVC,,,,,,14.544790517582708,,,,-1.7962138038436697,-1.759780116509695,398.0,-1.7779969601766823,0.018216843666987347,0.18509249371953002,1.9659423239762661,2.9320830845698187,2.942996771934187,398.0,2.937539928252003,0.005456843682184329,0.05544433621086208,1.9659423239762661,0.968656656599396,0.9726672413808487,398.0,0.9706619489901224,0.0020052923907263624,0.020374801256540773,1.9659423239762661,5.956296093430447,5.988566061958023,398.0,5.972431077694235,0.016134984263787597,0.1639397322666773,1.9659423239762661,3.0,3.0,398.0,3.0,0.0,0.0,1.9659423239762661,399.0,1.0,-4.623621847790447,-4.501170091240895,398.0,-4.562395969515671,0.06122587827477568,0.6220863886856178,1.9659423239762661,GaussianProcessRegressor,"{'mode': 'proxy', 'type': 'LinearSVC', 'C': 0.4558809112716259, 'epsilon': 14.544790517582708}",9,"['l1_T6W30', 'l2_T6W30', 'l3_T6W30', 'lcc_T6W30', 'lsc_T6W30', 'atd_T6W30', 'density_T6W30', 'diameter_T6W30', 'asp_T6W30']",0.06037136308418409,0.0841150214995334,398.0,0.07224319229185874,0.011871829207674657,0.12062388596126392,1.9659423239762661,3.2439416126991616,3.2522408562190503,398.0,3.248091234459106,0.004149621759944492,0.04216228966891998,1.9659423239762661,completed,True,COMPLETE
129,1.1001138542136946,2026-06-20 21:15:20.875181,2026-06-20 21:15:27.962744,0 days 00:00:07.087563,,,,,,,,,,,,,SVR,,,,10,9.0,6.0,90.0,,ExtraTrees,,,,0.018779072088705016,,0.788199350113016,scale,rbf,,-0.037272702329798256,-0.03661478809328577,398.0,-0.03694374521154201,0.0003289571182562429,0.0033423733802568087,1.9659423239762661,1.0946621965211127,1.1055655119062764,398.0,1.1001138542136946,0.005451657692581875,0.05539164389129954,1.9659423239762661,344371287809628.5,394918233281678.75,398.0,369644760545653.6,25273472736025.152,256791471628030.5,1.9659423239762661,3.181622428237782,3.1974020288238085,398.0,3.1895122285307953,0.007889800293013241,0.08016442573031132,1.9659423239762661,0.8559699209479569,0.877859015419053,398.0,0.8669144681835049,0.01094454723554805,0.1112022245725179,1.9659423239762661,399.0,0.8270676691729323,-0.009480256887499754,-0.007552553463012114,398.0,-0.008516405175255934,0.0009638517122438201,0.009793228742383512,1.9659423239762661,SVR,"{'mode': 'proxy', 'type': 'ExtraTrees', 'n_estimators': 90, 'max_depth': 9, 'min_samples_split': 6}",10,"['edges_T6W30', 're_T6W30', 'pe_T6W30', 'l1_T6W30', 'l2_T6W30', 'lsc_T6W30', 'atd_T6W30', 'density_T6W30', 'diameter_T6W30', 'asp_T6W30']",0.09333407693027652,0.11755114451833916,398.0,0.10544261072430784,0.012108533794031314,0.12302892620668252,1.9659423239762661,1.3818859416641194,1.3962290545977616,398.0,1.3890574981309405,0.007171556466821059,0.07286669933386182,1.9659423239762661,completed,True,COMPLETE
130,1.128566809307517,2026-06-20 21:15:28.031767,2026-06-20 21:15:34.491540,0 days 00:00:06.459773,,,,,,,,,,,,,LinearRegression,,,,9,,,,,,,,,,,,,,True,-0.0697292593575271,-0.05933159173369579,398.0,-0.06453042554561145,0.005198833811915661,0.05282282333161268,1.9659423239762661,1.121977930184607,1.135155688430427,398.0,1.128566809307517,0.006588879122910104,0.06694639806818231,1.9659423239762661,339340337539519.7,389694258364101.56,398.0,364517297951810.6,25176960412290.957,255810856818945.8,1.9659423239762661,3.485571515038613,3.599653797050526,398.0,3.5426126560445694,0.057041141005956725,0.5795673073998503,1.9659423239762661,0.9935627908973472,1.0114591488164375,398.0,1.0025109698568924,0.008948178959545125,0.09091809690787897,1.9659423239762661,399.0,0.6340852130325815,-0.06875367084657796,-0.0457156199608542,398.0,-0.05723464540371608,0.01151902544286188,0.11703921839664212,1.9659423239762661,LinearRegression,"{'mode': 'original', 'type': 'LinearRegression'}",9,"['nodes_T6W30', 'edges_T6W30', 'pe_T6W30', 'l1_T6W30', 'lcc_T6W30', 'atd_T6W30', 'density_T6W30', 'diameter_T6W30', 'asp_T6W30']",0.10947381503720373,0.1334522157810296,398.0,0.12146301540911666,0.011989200371912931,0.12181643730971711,1.9659423239762661,1.4102709520505892,1.4276281678769798,398.0,1.4189495599637845,0.008678607913195345,0.08817911653808609,1.9659423239762661,completed,True,COMPLETE
131,0.0,2026-06-20 21:15:34.513844,2026-06-20 21:15:34.993132,0 days 00:00:00.479288,,,,,,,,,,,,,SVR,,,,9,5.0,7.0,80.0,,ExtraTrees,,,,0.0370212053329925,,7.229606284867067,scale,rbf,,,,,,,,,,,,,,,,,,,,,,,,,,,,,,,,,,,,,,,,,,,,,,SVR,"{'mode': 'proxy', 'type': 'ExtraTrees', 'n_estimators': 80, 'max_depth': 5, 'min_samples_split': 7}",9,"['nodes_T6W30', 'edges_T6W30', 're_T6W30', 'pe_T6W30', 'l2_T6W30', 'lsc_T6W30', 'atd_T6W30', 'density_T6W30', 'diameter_T6W30']",,,,,,,,,,,,,,,pruned,True,PRUNED
132,0.0,2026-06-20 21:15:35.003464,2026-06-20 21:15:35.456305,0 days 00:00:00.452841,,,,,,,,,,,,,SVR,,,,9,5.0,7.0,80.0,,ExtraTrees,,,,0.020612486411136832,,4.149692528661054,scale,rbf,,,,,,,,,,,,,,,,,,,,,,,,,,,,,,,,,,,,,,,,,,,,,,SVR,"{'mode': 'proxy', 'type': 'ExtraTrees', 'n_estimators': 80, 'max_depth': 5, 'min_samples_split': 7}",9,"['nodes_T6W30', 'edges_T6W30', 're_T6W30', 'pe_T6W30', 'l2_T6W30', 'lsc_T6W30', 'atd_T6W30', 'density_T6W30', 'diameter_T6W30']",,,,,,,,,,,,,,,pruned,True,PRUNED
133,0.0,2026-06-20 21:15:35.466533,2026-06-20 21:15:36.024772,0 days 00:00:00.558239,,,,,,,,,,,,,SVR,,,,8,5.0,7.0,80.0,,ExtraTrees,,,,0.01036111822230026,,6.853859815604359,scale,rbf,,,,,,,,,,,,,,,,,,,,,,,,,,,,,,,,,,,,,,,,,,,,,,SVR,"{'mode': 'proxy', 'type': 'ExtraTrees', 'n_estimators': 80, 'max_depth': 5, 'min_samples_split': 7}",8,"['nodes_T6W30', 'edges_T6W30', 're_T6W30', 'pe_T6W30', 'l2_T6W30', 'lsc_T6W30', 'atd_T6W30', 'density_T6W30']",,,,,,,,,,,,,,,pruned,True,PRUNED
134,0.0,2026-06-20 21:15:36.035115,2026-06-20 21:15:36.435999,0 days 00:00:00.400884,,,,,,,,,,,,,SVR,,,,10,6.0,7.0,70.0,,ExtraTrees,,,,0.046861337091073804,,16.119998491094208,scale,rbf,,,,,,,,,,,,,,,,,,,,,,,,,,,,,,,,,,,,,,,,,,,,,,SVR,"{'mode': 'proxy', 'type': 'ExtraTrees', 'n_estimators': 70, 'max_depth': 6, 'min_samples_split': 7}",10,"['nodes_T6W30', 'edges_T6W30', 're_T6W30', 'pe_T6W30', 'l1_T6W30', 'l2_T6W30', 'lsc_T6W30', 'atd_T6W30', 'density_T6W30', 'asp_T6W30']",,,,,,,,,,,,,,,pruned,True,PRUNED
135,1.4018536946708402,2026-06-20 21:15:36.446302,2026-06-20 21:15:43.189345,0 days 00:00:06.743043,,10.0,11.0,,,,,,,,,,DecisionTreeRegressor,,,,9,,,,,,,,,,,,,,True,-0.3346808223270863,-0.3096330676966724,398.0,-0.32215694501187936,0.012523877315206934,0.12724902983659744,1.9659423239762661,1.3876720247889267,1.4160353645527537,398.0,1.4018536946708402,0.014181669881913403,0.1440930542927916,1.9659423239762661,359632673609832.8,423059123409007.44,398.0,391345898509420.1,31713224899587.34,322222663149398.25,1.9659423239762661,4.457282073753211,4.628185575862419,398.0,4.542733824807815,0.08545175105460394,0.8682337063725162,1.9659423239762661,1.169871701310634,1.2077107269362044,398.0,1.1887912141234191,0.01891951281278535,0.19223197335898135,1.9659423239762661,399.0,0.9974937343358395,-0.6770637800371058,-0.6176509295258772,398.0,-0.6473573547814915,0.02970642525561427,0.30183254742525817,1.9659423239762661,DecisionTreeRegressor,"{'mode': 'original', 'type': 'DecisionTreeRegressor'}",9,"['edges_T6W30', 're_T6W30', 'pe_T6W30', 'l1_T6W30', 'l2_T6W30', 'lsc_T6W30', 'density_T6W30', 'diameter_T6W30', 'asp_T6W30']",0.017485376512031386,0.04371827270686659,398.0,0.030601824609448987,0.0131164480974176,0.13326985351987183,1.9659423239762661,1.7496454775441874,1.7839538475611314,398.0,1.7667996625526594,0.01715418500847188,0.17429533562382096,1.9659423239762661,completed,True,COMPLETE
136,0.0,2026-06-20 21:15:43.228439,2026-06-20 21:15:43.680817,0 days 00:00:00.452378,,,,,,,,,,,,,SVR,,,,9,5.0,7.0,80.0,,ExtraTrees,,,,0.021221857214033357,,9.170310865975601,scale,rbf,,,,,,,,,,,,,,,,,,,,,,,,,,,,,,,,,,,,,,,,,,,,,,SVR,"{'mode': 'proxy', 'type': 'ExtraTrees', 'n_estimators': 80, 'max_depth': 5, 'min_samples_split': 7}",9,"['nodes_T6W30', 'edges_T6W30', 're_T6W30', 'pe_T6W30', 'l2_T6W30', 'lsc_T6W30', 'atd_T6W30', 'density_T6W30', 'diameter_T6W30']",,,,,,,,,,,,,,,pruned,True,PRUNED
137,1.2311995675463168,2026-06-20 21:15:43.691078,2026-06-20 21:16:40.186338,0 days 00:00:56.495260,,,,,,,,,,,,,StackingRegressor,,,,10,5.0,7.0,90.0,,ExtraTrees,,,RandomForestRegressor,,,,,,True,-0.1691912355039716,-0.15277378566145003,398.0,-0.16098251058271082,0.008208724921260799,0.08340486385614813,1.9659423239762661,1.221202480205976,1.2411966548866575,398.0,1.2311995675463168,0.009997087340340844,0.10157554511536535,1.9659423239762661,356699169245501.1,410672245368936.6,398.0,383685707307218.9,26986538061717.77,274197095721490.3,1.9659423239762661,3.691265402230111,3.7802132945117437,398.0,3.7357393483709274,0.044473946140816525,0.4518781489940267,1.9659423239762661,1.0259866528255146,1.0540133471744855,398.0,1.04,0.014013347174485371,0.1423828090803382,1.9659423239762661,399.0,0.9624060150375939,-0.260068129181057,-0.22870278366459,398.0,-0.24438545642282347,0.015682672758233488,0.15934401491676328,1.9659423239762661,StackingRegressor,"{'mode': 'proxy', 'type': 'ExtraTrees', 'n_estimators': 90, 'max_depth': 5, 'min_samples_split': 7}",10,"['nodes_T6W30', 'edges_T6W30', 're_T6W30', 'pe_T6W30', 'l1_T6W30', 'l2_T6W30', 'lsc_T6W30', 'atd_T6W30', 'density_T6W30', 'diameter_T6W30']",-0.024889114235817307,0.0037802645839784717,398.0,-0.010554424825919418,0.01433468940989789,0.14564781133743598,1.9659423239762661,1.527612196058024,1.5505088321312348,398.0,1.5390605140946294,0.011448318036605296,0.11632079481088188,1.9659423239762661,completed,True,COMPLETE
138,1.1374653690319376,2026-06-20 21:16:40.204479,2026-06-20 21:17:35.196601,0 days 00:00:54.992122,,,,,,,,,,,,,RandomForestRegressor,8.0,5.0,119.0,8,,,,,,,,,,,,,,False,-0.07755984040895231,-0.067582220485161,398.0,-0.07257103044705665,0.00498880996189566,0.05068887307923027,1.9659423239762661,1.1304459453296902,1.144484792734185,398.0,1.1374653690319376,0.00701942370224743,0.07132095226120025,1.9659423239762661,351682524782818.1,405772990468830.9,398.0,378727757625824.5,27045232843006.36,274793464864006.22,1.9659423239762661,3.4018910286382207,3.494454784317645,398.0,3.4481729064779327,0.04628187783971217,0.4702476641932819,1.9659423239762661,0.9753908898326313,0.9950774059740728,398.0,0.9852341479033521,0.009843258070720699,0.10001256067955747,1.9659423239762661,399.0,0.7719298245614035,-0.07228340583738371,-0.05426727166630477,398.0,-0.06327533875184424,0.009008067085539476,0.09152659104589322,1.9659423239762661,RandomForestRegressor,"{'mode': 'original', 'type': 'RandomForestRegressor'}",8,"['nodes_T6W30', 'edges_T6W30', 'pe_T6W30', 'l1_T6W30', 'l2_T6W30', 'l3_T6W30', 'lsc_T6W30', 'diameter_T6W30']",0.07787918684388458,0.10196309909789882,398.0,0.0899211429708917,0.012041956127007123,0.12235246289389315,1.9659423239762661,1.4157920350642856,1.4331540006071835,398.0,1.4244730178357345,0.008680982771448978,0.08820324631843832,1.9659423239762661,completed,False,COMPLETE
139,-0.010214087782972755,2026-06-20 21:17:35.214359,2026-06-20 21:17:35.697596,0 days 00:00:00.483237,,,,,,,,,,,,,SVR,,,,9,6.0,7.0,80.0,,ExtraTrees,,,,0.06937796495210112,,0.07620808448001001,scale,rbf,,,,,,,,,,,,,,,,,,,,,,,,,,,,,,,,,,,,,,,,,,,,,,SVR,"{'mode': 'proxy', 'type': 'ExtraTrees', 'n_estimators': 80, 'max_depth': 6, 'min_samples_split': 7}",9,"['nodes_T6W30', 'edges_T6W30', 're_T6W30', 'pe_T6W30', 'l1_T6W30', 'l2_T6W30', 'lsc_T6W30', 'atd_T6W30', 'density_T6W30']",,,,,,,,,,,,,,,pruned,True,PRUNED
140,0.0,2026-06-20 21:17:35.707825,2026-06-20 21:17:36.101526,0 days 00:00:00.393701,,,,,,,,,,,,,SVR,,,,9,4.0,6.0,40.0,,ExtraTrees,,,,0.007633810715833273,,3.6780965137697685,scale,rbf,,,,,,,,,,,,,,,,,,,,,,,,,,,,,,,,,,,,,,,,,,,,,,SVR,"{'mode': 'proxy', 'type': 'ExtraTrees', 'n_estimators': 40, 'max_depth': 4, 'min_samples_split': 6}",9,"['nodes_T6W30', 'edges_T6W30', 're_T6W30', 'pe_T6W30', 'l1_T6W30', 'l2_T6W30', 'lsc_T6W30', 'density_T6W30', 'diameter_T6W30']",,,,,,,,,,,,,,,pruned,True,PRUNED
141,0.0,2026-06-20 21:17:36.111842,2026-06-20 21:17:36.521949,0 days 00:00:00.410107,,,,,,,,,,,,,SVR,,,,10,5.0,7.0,80.0,,ExtraTrees,,,,0.037533947026235734,,14.12157504382568,scale,rbf,,,,,,,,,,,,,,,,,,,,,,,,,,,,,,,,,,,,,,,,,,,,,,SVR,"{'mode': 'proxy', 'type': 'ExtraTrees', 'n_estimators': 80, 'max_depth': 5, 'min_samples_split': 7}",10,"['nodes_T6W30', 'edges_T6W30', 're_T6W30', 'pe_T6W30', 'l1_T6W30', 'l2_T6W30', 'lsc_T6W30', 'atd_T6W30', 'density_T6W30', 'diameter_T6W30']",,,,,,,,,,,,,,,pruned,True,PRUNED
142,0.0,2026-06-20 21:17:36.532157,2026-06-20 21:17:36.988109,0 days 00:00:00.455952,,,,,,,,,,,,,SVR,,,,11,5.0,7.0,80.0,,ExtraTrees,,,,0.014926740447575757,,6.298457843882577,scale,rbf,,,,,,,,,,,,,,,,,,,,,,,,,,,,,,,,,,,,,,,,,,,,,,SVR,"{'mode': 'proxy', 'type': 'ExtraTrees', 'n_estimators': 80, 'max_depth': 5, 'min_samples_split': 7}",11,"['nodes_T6W30', 'edges_T6W30', 're_T6W30', 'pe_T6W30', 'l1_T6W30', 'l2_T6W30', 'lsc_T6W30', 'atd_T6W30', 'density_T6W30', 'diameter_T6W30', 'asp_T6W30']",,,,,,,,,,,,,,,pruned,True,PRUNED
143,0.0,2026-06-20 21:17:36.998467,2026-06-20 21:17:37.365482,0 days 00:00:00.367015,,,,,,,,,,,,,SVR,,,,11,5.0,8.0,80.0,,ExtraTrees,,,,0.022872589544543114,,11.918002752298277,scale,rbf,,,,,,,,,,,,,,,,,,,,,,,,,,,,,,,,,,,,,,,,,,,,,,SVR,"{'mode': 'proxy', 'type': 'ExtraTrees', 'n_estimators': 80, 'max_depth': 5, 'min_samples_split': 8}",11,"['nodes_T6W30', 'edges_T6W30', 're_T6W30', 'pe_T6W30', 'l1_T6W30', 'l2_T6W30', 'lsc_T6W30', 'atd_T6W30', 'density_T6W30', 'diameter_T6W30', 'asp_T6W30']",,,,,,,,,,,,,,,pruned,True,PRUNED
144,0.0,2026-06-20 21:17:37.375417,2026-06-20 21:17:37.879311,0 days 00:00:00.503894,,,,,,,,,,,,,SVR,,,,9,5.0,7.0,80.0,,ExtraTrees,,,,0.043199890894682166,,22.566703540143468,scale,rbf,,,,,,,,,,,,,,,,,,,,,,,,,,,,,,,,,,,,,,,,,,,,,,SVR,"{'mode': 'proxy', 'type': 'ExtraTrees', 'n_estimators': 80, 'max_depth': 5, 'min_samples_split': 7}",9,"['nodes_T6W30', 'edges_T6W30', 're_T6W30', 'pe_T6W30', 'l2_T6W30', 'lsc_T6W30', 'atd_T6W30', 'density_T6W30', 'diameter_T6W30']",,,,,,,,,,,,,,,pruned,True,PRUNED
145,1.1272377788578454,2026-06-20 21:17:37.889671,2026-06-20 21:18:36.563325,0 days 00:00:58.673654,,,,,,9.0,6.0,220.0,,,,,ExtraTreesRegressor,,,,12,,,,,,,,,,,,,,True,-0.06775612144138961,-0.057648749736109596,398.0,-0.0627024355887496,0.0050536858526400085,0.0513480454704337,1.9659423239762661,1.1198070319262163,1.1346685257894744,398.0,1.1272377788578454,0.0074307469316291066,0.07550020766036653,1.9659423239762661,348643938514387.4,401903091566850.25,398.0,375273515040618.8,26629576526231.44,270570183070049.47,1.9659423239762661,3.5124820572881807,3.605572861079919,398.0,3.55902745918405,0.04654540189586929,0.4729252040350274,1.9659423239762661,0.9540431524278538,0.9747237201151228,398.0,0.9643834362714883,0.010340283843634496,0.10506259796555596,1.9659423239762661,399.0,0.7167919799498746,-0.07506688803209487,-0.05496597483181963,398.0,-0.06501643143195725,0.010050456600137621,0.10211780422261411,1.9659423239762661,ExtraTreesRegressor,"{'mode': 'original', 'type': 'ExtraTreesRegressor'}",12,"['nodes_T6W30', 'edges_T6W30', 're_T6W30', 'pe_T6W30', 'l1_T6W30', 'l2_T6W30', 'lcc_T6W30', 'lsc_T6W30', 'atd_T6W30', 'density_T6W30', 'diameter_T6W30', 'asp_T6W30']",0.09492923608193904,0.12003910180353702,398.0,0.10748416894273803,0.012554932860798994,0.12756457013998554,1.9659423239762661,1.4161578983603849,1.43452419969231,398.0,1.4253410490263474,0.009183150665962545,0.09330553020254728,1.9659423239762661,completed,True,COMPLETE
146,0.0,2026-06-20 21:18:36.581500,2026-06-20 21:18:37.087152,0 days 00:00:00.505652,,,,,,,,,,,,,SVR,,,,9,5.0,7.0,80.0,,ExtraTrees,,,,0.02203328567774267,,5.5826438235211215,scale,rbf,,,,,,,,,,,,,,,,,,,,,,,,,,,,,,,,,,,,,,,,,,,,,,SVR,"{'mode': 'proxy', 'type': 'ExtraTrees', 'n_estimators': 80, 'max_depth': 5, 'min_samples_split': 7}",9,"['nodes_T6W30', 'edges_T6W30', 're_T6W30', 'pe_T6W30', 'l2_T6W30', 'lsc_T6W30', 'atd_T6W30', 'density_T6W30', 'diameter_T6W30']",,,,,,,,,,,,,,,pruned,True,PRUNED
147,1.1148199492264286,2026-06-20 21:18:37.097900,2026-06-20 21:18:43.719794,0 days 00:00:06.621894,,,,,,,,,,,,,Ridge,,,,10,,,,,,0.9787630472907618,auto,,,,,,,False,-0.05468275633457623,-0.047464952346984585,398.0,-0.051073854340780406,0.003608901993795823,0.03666829895628794,1.9659423239762661,1.1085990348679546,1.1210408635849025,398.0,1.1148199492264286,0.0062209143584739945,0.0632076869557944,1.9659423239762661,364544433237640.2,418348605628695.94,398.0,391446519433168.06,26902086195527.895,273339021359207.75,1.9659423239762661,3.343757212392635,3.416063054028043,398.0,3.379910133210339,0.036152920817703604,0.3673322553412523,1.9659423239762661,0.9683057053983645,0.9834348023455418,398.0,0.9758702538719531,0.007564548473588671,0.07685970009042423,1.9659423239762661,399.0,0.7769423558897243,-0.06372999753244965,-0.049018942010288176,398.0,-0.05637446977136891,0.0073555277610807355,0.07473594223070029,1.9659423239762661,Ridge,"{'mode': 'original', 'type': 'Ridge'}",10,"['nodes_T6W30', 'pe_T6W30', 'l1_T6W30', 'l2_T6W30', 'l3_T6W30', 'lcc_T6W30', 'lsc_T6W30', 'atd_T6W30', 'diameter_T6W30', 'asp_T6W30']",0.018755179375608513,0.04313680378309451,398.0,0.03094599157935151,0.012190812203742997,0.12386491713415647,1.9659423239762661,1.4123697015103138,1.428234047971391,398.0,1.4203018747408525,0.007932173230538738,0.08059495655201614,1.9659423239762661,completed,False,COMPLETE
148,0.0,2026-06-20 21:18:43.737828,2026-06-20 21:18:43.981198,0 days 00:00:00.243370,,,,,,,,,,,,,SVR,,,,9,,,,,,,,,68.87605540035717,,8.971468969918684,scale,linear,,,,,,,,,,,,,,,,,,,,,,,,,,,,,,,,,,,,,,,,,,,,,,SVR,"{'mode': 'original', 'type': 'SVR'}",9,"['l1_T6W30', 'l2_T6W30', 'l3_T6W30', 'lcc_T6W30', 'lsc_T6W30', 'atd_T6W30', 'density_T6W30', 'diameter_T6W30', 'asp_T6W30']",,,,,,,,,,,,,,,pruned,True,PRUNED
149,1.1490253588807202,2026-06-20 21:18:43.991367,2026-06-20 21:22:05.927619,0 days 00:03:21.936252,323.0,,,,,,,,,,,,BaggingRegressor,,,,11,5.0,7.0,70.0,,ExtraTrees,,,,,,,,,True,-0.08866864529783128,-0.0780235779833299,398.0,-0.08334611164058059,0.005322533657250688,0.05407967733246642,1.9659423239762661,1.1414724120412365,1.156578305720204,398.0,1.1490253588807202,0.007552946839483603,0.07674182152556505,1.9659423239762661,363405064461322.6,419246582194724.75,398.0,391325823328023.7,27920758866701.074,283689259218089.25,1.9659423239762661,3.5298684312701027,3.6370426544938432,398.0,3.583455542881973,0.053587111611870346,0.5444725936492693,1.9659423239762661,0.9691577558638289,0.9923714541581301,398.0,0.9807646050109795,0.01160684914715056,0.1179315523668752,1.9659423239762661,399.0,0.8195488721804511,-0.10710128996747768,-0.08554119961585115,398.0,-0.09632124479166441,0.010780045175813269,0.10953079910414831,1.9659423239762661,BaggingRegressor,"{'mode': 'proxy', 'type': 'ExtraTrees', 'n_estimators': 70, 'max_depth': 5, 'min_samples_split': 7}",11,"['nodes_T6W30', 'edges_T6W30', 're_T6W30', 'pe_T6W30', 'l1_T6W30', 'l2_T6W30', 'lsc_T6W30', 'atd_T6W30', 'density_T6W30', 'diameter_T6W30', 'asp_T6W30']",0.06922337482522778,0.09383175594024007,398.0,0.08152756538273392,0.012304190557506152,0.12501689947618355,1.9659423239762661,1.436477094505781,1.4554609162820884,398.0,1.4459690053939347,0.009491910888153751,0.09644269273912505,1.9659423239762661,completed,True,COMPLETE
150,0.0,2026-06-20 21:22:05.945689,2026-06-20 21:22:06.237852,0 days 00:00:00.292163,,,,,,,,,,,,,SVR,,,,8,,,,0.008754000899402163,LinearSVC,,,,0.012385192528231583,2.0,3.514357476472398,scale,poly,,,,,,,,,,,,,,,,,,,,,,,,,,,,,,,,,,,,,,,,,,,,,,SVR,"{'mode': 'proxy', 'type': 'LinearSVC', 'C': 0.008754000899402163, 'epsilon': 3.514357476472398}",8,"['l2_T6W30', 'l3_T6W30', 'lcc_T6W30', 'lsc_T6W30', 'atd_T6W30', 'density_T6W30', 'diameter_T6W30', 'asp_T6W30']",,,,,,,,,,,,,,,pruned,True,PRUNED
151,0.0,2026-06-20 21:22:06.249849,2026-06-20 21:22:06.656136,0 days 00:00:00.406287,,,,,,,,,,,,,SVR,,,,10,4.0,7.0,80.0,,ExtraTrees,,,,0.028745081992796795,,4.710144147458276,scale,rbf,,,,,,,,,,,,,,,,,,,,,,,,,,,,,,,,,,,,,,,,,,,,,,SVR,"{'mode': 'proxy', 'type': 'ExtraTrees', 'n_estimators': 80, 'max_depth': 4, 'min_samples_split': 7}",10,"['nodes_T6W30', 'edges_T6W30', 're_T6W30', 'pe_T6W30', 'l1_T6W30', 'l2_T6W30', 'lsc_T6W30', 'atd_T6W30', 'density_T6W30', 'diameter_T6W30']",,,,,,,,,,,,,,,pruned,True,PRUNED
152,0.0,2026-06-20 21:22:06.666419,2026-06-20 21:22:07.124695,0 days 00:00:00.458276,,,,,,,,,,,,,SVR,,,,9,5.0,7.0,80.0,,ExtraTrees,,,,0.014866303948009314,,8.37494052098008,scale,rbf,,,,,,,,,,,,,,,,,,,,,,,,,,,,,,,,,,,,,,,,,,,,,,SVR,"{'mode': 'proxy', 'type': 'ExtraTrees', 'n_estimators': 80, 'max_depth': 5, 'min_samples_split': 7}",9,"['nodes_T6W30', 'edges_T6W30', 're_T6W30', 'pe_T6W30', 'l2_T6W30', 'lsc_T6W30', 'atd_T6W30', 'density_T6W30', 'diameter_T6W30']",,,,,,,,,,,,,,,pruned,True,PRUNED
153,1.1857327650349043,2026-06-20 21:22:07.135247,2026-06-20 21:22:13.974350,0 days 00:00:06.839103,,,,,,,,,,,,,SVR,,,,9,3.0,7.0,90.0,,ExtraTrees,,,,0.05513369778160732,,2.3658512729058367,scale,rbf,,-0.11984115310607989,-0.11567036003039603,398.0,-0.11775575656823796,0.002085396537841922,0.02118870055863359,1.9659423239762661,1.1796745416595373,1.1917909884102713,398.0,1.1857327650349043,0.006058223375367099,0.06155466295671887,1.9659423239762661,410817017069422.0,471401696818267.5,398.0,441109356943844.75,30292339874422.75,307785741067608.0,1.9659423239762661,3.200475890324767,3.2515136132752303,398.0,3.2259947517999987,0.02551886147523165,0.25928474732939316,1.9659423239762661,1.2786941189199084,1.2922429691494237,398.0,1.285468544034666,0.006774425114757737,0.06883164070178842,1.9659423239762661,399.0,0.9849624060150376,-0.084196897725448,-0.07825933726221188,398.0,-0.08122811749382994,0.0029687802316180688,0.03016433287898479,1.9659423239762661,SVR,"{'mode': 'proxy', 'type': 'ExtraTrees', 'n_estimators': 90, 'max_depth': 3, 'min_samples_split': 7}",9,"['nodes_T6W30', 'edges_T6W30', 're_T6W30', 'pe_T6W30', 'l1_T6W30', 'l2_T6W30', 'lsc_T6W30', 'atd_T6W30', 'density_T6W30']",0.13888934751981835,0.16191363305165452,398.0,0.15040149028573643,0.011512142765918078,0.11696928686172409,1.9659423239762661,1.4301570726322397,1.4470117565853085,398.0,1.438584414608774,0.00842734197653445,0.08562612549015722,1.9659423239762661,completed,True,COMPLETE
154,0.0,2026-06-20 21:22:13.992573,2026-06-20 21:22:14.440185,0 days 00:00:00.447612,,,,,,,,,,,,,SVR,,,,10,5.0,7.0,80.0,,ExtraTrees,,,,0.026824361914918552,,6.293600501404537,auto,rbf,,,,,,,,,,,,,,,,,,,,,,,,,,,,,,,,,,,,,,,,,,,,,,SVR,"{'mode': 'proxy', 'type': 'ExtraTrees', 'n_estimators': 80, 'max_depth': 5, 'min_samples_split': 7}",10,"['nodes_T6W30', 'edges_T6W30', 're_T6W30', 'pe_T6W30', 'l1_T6W30', 'l2_T6W30', 'lsc_T6W30', 'atd_T6W30', 'density_T6W30', 'diameter_T6W30']",,,,,,,,,,,,,,,pruned,True,PRUNED
155,0.0,2026-06-20 21:22:14.450651,2026-06-20 21:22:14.939637,0 days 00:00:00.488986,,,,,,,,,,,,,SVR,,,,9,4.0,7.0,80.0,,ExtraTrees,,,,1.1940098005147224,,12.15568291386813,scale,rbf,,,,,,,,,,,,,,,,,,,,,,,,,,,,,,,,,,,,,,,,,,,,,,SVR,"{'mode': 'proxy', 'type': 'ExtraTrees', 'n_estimators': 80, 'max_depth': 4, 'min_samples_split': 7}",9,"['nodes_T6W30', 'edges_T6W30', 're_T6W30', 'pe_T6W30', 'l1_T6W30', 'l2_T6W30', 'lsc_T6W30', 'atd_T6W30', 'density_T6W30']",,,,,,,,,,,,,,,pruned,True,PRUNED
156,0.0,2026-06-20 21:22:14.949948,2026-06-20 21:22:15.381045,0 days 00:00:00.431097,,,,,,,,,,,,,SVR,,,,9,5.0,7.0,70.0,,ExtraTrees,,,,0.04015846475477508,,4.793265444201857,scale,rbf,,,,,,,,,,,,,,,,,,,,,,,,,,,,,,,,,,,,,,,,,,,,,,SVR,"{'mode': 'proxy', 'type': 'ExtraTrees', 'n_estimators': 70, 'max_depth': 5, 'min_samples_split': 7}",9,"['nodes_T6W30', 'edges_T6W30', 're_T6W30', 'pe_T6W30', 'l2_T6W30', 'lsc_T6W30', 'atd_T6W30', 'density_T6W30', 'diameter_T6W30']",,,,,,,,,,,,,,,pruned,True,PRUNED
157,1.1376293086511091,2026-06-20 21:22:15.392218,2026-06-20 21:22:22.183746,0 days 00:00:06.791528,,,,,,,,,,euclidean,10.0,distance,KNeighborsRegressor,,,,10,6.0,8.0,80.0,,ExtraTrees,,,,,,,,,,-0.07803521518762963,-0.0668264433885267,398.0,-0.07243082928807816,0.005604385899551462,0.05694344096471584,1.9659423239762661,1.129651330808193,1.1456072864940252,398.0,1.1376293086511091,0.007977977842916024,0.08106035495383326,1.9659423239762661,356489694279977.0,409987393942646.6,398.0,383238544111311.8,26748849831334.84,271782061147247.06,1.9659423239762661,3.450711084204712,3.5185607209613097,398.0,3.484635902583011,0.033924818378298624,0.3446935894828304,1.9659423239762661,0.9559461483571454,0.9804232822911332,398.0,0.9681847153241393,0.012238566966993878,0.12435013007107756,1.9659423239762661,399.0,0.7393483709273183,-0.07325233281526311,-0.053452471510868245,398.0,-0.06335240216306567,0.00989993065219743,0.10058838323272899,1.9659423239762661,KNeighborsRegressor,"{'mode': 'proxy', 'type': 'ExtraTrees', 'n_estimators': 80, 'max_depth': 6, 'min_samples_split': 8}",10,"['nodes_T6W30', 'edges_T6W30', 're_T6W30', 'pe_T6W30', 'l2_T6W30', 'lsc_T6W30', 'atd_T6W30', 'density_T6W30', 'diameter_T6W30', 'asp_T6W30']",0.1053521315873039,0.1299330536718621,398.0,0.11764259262958299,0.01229046104227909,0.12487740054555695,1.9659423239762661,1.415078739349762,1.433614352285246,398.0,1.424346545817504,0.009267806467741993,0.09416567665522724,1.9659423239762661,completed,True,COMPLETE
158,0.0,2026-06-20 21:22:22.202351,2026-06-20 21:22:22.664090,0 days 00:00:00.461739,,,,,,,,,,,,,SVR,,,,9,5.0,7.0,80.0,,ExtraTrees,,,,0.00713769068181686,,17.816041380001074,scale,rbf,,,,,,,,,,,,,,,,,,,,,,,,,,,,,,,,,,,,,,,,,,,,,,SVR,"{'mode': 'proxy', 'type': 'ExtraTrees', 'n_estimators': 80, 'max_depth': 5, 'min_samples_split': 7}",9,"['nodes_T6W30', 'edges_T6W30', 're_T6W30', 'pe_T6W30', 'l2_T6W30', 'lsc_T6W30', 'atd_T6W30', 'density_T6W30', 'diameter_T6W30']",,,,,,,,,,,,,,,pruned,True,PRUNED
159,0.0,2026-06-20 21:22:22.674305,2026-06-20 21:22:23.217451,0 days 00:00:00.543146,,,,,,,,,,,,,SVR,,,,8,5.0,7.0,80.0,,ExtraTrees,,,,0.0034714469055023623,,8.29080574305644,scale,rbf,,,,,,,,,,,,,,,,,,,,,,,,,,,,,,,,,,,,,,,,,,,,,,SVR,"{'mode': 'proxy', 'type': 'ExtraTrees', 'n_estimators': 80, 'max_depth': 5, 'min_samples_split': 7}",8,"['nodes_T6W30', 'edges_T6W30', 're_T6W30', 'pe_T6W30', 'l2_T6W30', 'lsc_T6W30', 'atd_T6W30', 'density_T6W30']",,,,,,,,,,,,,,,pruned,True,PRUNED
160,2.937539928252003,2026-06-20 21:22:23.227728,2026-06-20 21:23:34.557976,0 days 00:01:11.330248,,,,,,,,,5.40366739106721e-07,,,,GaussianProcessRegressor,,,,9,5.0,6.0,90.0,,ExtraTrees,,,,,,,,,,-1.7962138038436697,-1.759780116509695,398.0,-1.7779969601766823,0.018216843666987347,0.18509249371953002,1.9659423239762661,2.9320830845698187,2.942996771934187,398.0,2.937539928252003,0.005456843682184329,0.05544433621086208,1.9659423239762661,0.968656656599396,0.9726672413808487,398.0,0.9706619489901224,0.0020052923907263624,0.020374801256540773,1.9659423239762661,5.956296093430447,5.988566061958023,398.0,5.972431077694235,0.016134984263787597,0.1639397322666773,1.9659423239762661,3.0,3.0,398.0,3.0,0.0,0.0,1.9659423239762661,399.0,1.0,-4.623621847790447,-4.501170091240895,398.0,-4.562395969515671,0.06122587827477568,0.6220863886856178,1.9659423239762661,GaussianProcessRegressor,"{'mode': 'proxy', 'type': 'ExtraTrees', 'n_estimators': 90, 'max_depth': 5, 'min_samples_split': 6}",9,"['nodes_T6W30', 'edges_T6W30', 're_T6W30', 'pe_T6W30', 'l2_T6W30', 'lsc_T6W30', 'atd_T6W30', 'density_T6W30', 'diameter_T6W30']",-0.047414197716002575,0.10411953286958511,15.0,0.028352667576791273,0.07576686529279385,0.14218842843478227,2.131449545559776,3.2439416126991616,3.2522408562190503,398.0,3.248091234459106,0.004149621759944492,0.04216228966891998,1.9659423239762661,completed,True,COMPLETE
161,0.0,2026-06-20 21:23:34.576235,2026-06-20 21:23:35.071483,0 days 00:00:00.495248,,,,,,,,,,,,,SVR,,,,9,7.0,6.0,90.0,,ExtraTrees,,,,0.010967724835725364,,19.96214904500968,scale,rbf,,,,,,,,,,,,,,,,,,,,,,,,,,,,,,,,,,,,,,,,,,,,,,SVR,"{'mode': 'proxy', 'type': 'ExtraTrees', 'n_estimators': 90, 'max_depth': 7, 'min_samples_split': 6}",9,"['edges_T6W30', 're_T6W30', 'pe_T6W30', 'l2_T6W30', 'lsc_T6W30', 'atd_T6W30', 'density_T6W30', 'diameter_T6W30', 'asp_T6W30']",,,,,,,,,,,,,,,pruned,True,PRUNED
162,0.0,2026-06-20 21:23:35.081558,2026-06-20 21:23:35.574034,0 days 00:00:00.492476,,,,,,,,,,,,,SVR,,,,9,6.0,7.0,80.0,,ExtraTrees,,,,0.01738219186498008,,10.317244992337509,scale,rbf,,,,,,,,,,,,,,,,,,,,,,,,,,,,,,,,,,,,,,,,,,,,,,SVR,"{'mode': 'proxy', 'type': 'ExtraTrees', 'n_estimators': 80, 'max_depth': 6, 'min_samples_split': 7}",9,"['nodes_T6W30', 'edges_T6W30', 're_T6W30', 'pe_T6W30', 'l1_T6W30', 'l2_T6W30', 'lsc_T6W30', 'atd_T6W30', 'density_T6W30']",,,,,,,,,,,,,,,pruned,True,PRUNED
163,0.0,2026-06-20 21:23:35.584149,2026-06-20 21:23:35.985416,0 days 00:00:00.401267,,,,,,,,,,,,,SVR,,,,11,5.0,7.0,80.0,,ExtraTrees,,,,0.02281581010576259,,31.203998996651762,scale,rbf,,,,,,,,,,,,,,,,,,,,,,,,,,,,,,,,,,,,,,,,,,,,,,SVR,"{'mode': 'proxy', 'type': 'ExtraTrees', 'n_estimators': 80, 'max_depth': 5, 'min_samples_split': 7}",11,"['nodes_T6W30', 'edges_T6W30', 're_T6W30', 'pe_T6W30', 'l1_T6W30', 'l2_T6W30', 'lsc_T6W30', 'atd_T6W30', 'density_T6W30', 'diameter_T6W30', 'asp_T6W30']",,,,,,,,,,,,,,,pruned,True,PRUNED
164,0.0,2026-06-20 21:23:35.995955,2026-06-20 21:23:36.478828,0 days 00:00:00.482873,,,,,,,,,,,,,SVR,,,,9,7.0,7.0,70.0,,ExtraTrees,,,,0.014298434978530313,,6.33275581702482,scale,rbf,,,,,,,,,,,,,,,,,,,,,,,,,,,,,,,,,,,,,,,,,,,,,,SVR,"{'mode': 'proxy', 'type': 'ExtraTrees', 'n_estimators': 70, 'max_depth': 7, 'min_samples_split': 7}",9,"['nodes_T6W30', 'edges_T6W30', 're_T6W30', 'pe_T6W30', 'l1_T6W30', 'l2_T6W30', 'lsc_T6W30', 'density_T6W30', 'diameter_T6W30']",,,,,,,,,,,,,,,pruned,True,PRUNED
165,0.0,2026-06-20 21:23:36.488976,2026-06-20 21:23:37.017841,0 days 00:00:00.528865,,,,,,,,,,,,,SVR,,,,9,4.0,5.0,100.0,,ExtraTrees,,,,0.03090103168299537,,3.799170464190987,scale,rbf,,,,,,,,,,,,,,,,,,,,,,,,,,,,,,,,,,,,,,,,,,,,,,SVR,"{'mode': 'proxy', 'type': 'ExtraTrees', 'n_estimators': 100, 'max_depth': 4, 'min_samples_split': 5}",9,"['nodes_T6W30', 'edges_T6W30', 're_T6W30', 'pe_T6W30', 'l1_T6W30', 'l2_T6W30', 'lsc_T6W30', 'atd_T6W30', 'density_T6W30']",,,,,,,,,,,,,,,pruned,True,PRUNED
166,1.1479282677454214,2026-06-20 21:23:37.027940,2026-06-20 21:23:43.710671,0 days 00:00:06.682731,,,,,,,,,,,,,LinearRegression,,,,12,,,,,,,,,,,,,,False,-0.08825728030855236,-0.07738651119014138,398.0,-0.08282189574934687,0.005435384559205494,0.05522630049305084,1.9659423239762661,1.1411404988396712,1.1547160366511717,398.0,1.1479282677454214,0.006787768905750374,0.06896722047596056,1.9659423239762661,342672738826758.06,393538854571504.94,398.0,368105796699131.5,25433057872373.45,258412938627871.25,1.9659423239762661,3.558795532774705,3.6776294211522513,398.0,3.6182124769634783,0.0594169441887733,0.603706688718208,1.9659423239762661,1.0051432361194137,1.0248570143602316,398.0,1.0150001252398226,0.00985688912040901,0.10015105914970662,1.9659423239762661,399.0,0.7719298245614035,-0.10364415915152046,-0.07883935354525677,398.0,-0.09124175634838862,0.012402402803131842,0.12601478636531555,1.9659423239762661,LinearRegression,"{'mode': 'original', 'type': 'LinearRegression'}",12,"['nodes_T6W30', 'edges_T6W30', 're_T6W30', 'pe_T6W30', 'l1_T6W30', 'l3_T6W30', 'lcc_T6W30', 'lsc_T6W30', 'atd_T6W30', 'density_T6W30', 'diameter_T6W30', 'asp_T6W30']",0.06649975594860438,0.0903668095427769,398.0,0.07843328274569064,0.011933526797086261,0.12125076517752313,1.9659423239762661,1.4323644319494537,1.4501591276421384,398.0,1.441261779795796,0.008897347846342352,0.0904016266744383,1.9659423239762661,completed,False,COMPLETE
167,-0.0036519301532132787,2026-06-20 21:23:43.728806,2026-06-20 21:23:44.193580,0 days 00:00:00.464774,,,,,,,,,,,,,SVR,,,,10,3.0,6.0,90.0,,ExtraTrees,,,,0.05389252021666711,,0.0026466550557167953,scale,rbf,,,,,,,,,,,,,,,,,,,,,,,,,,,,,,,,,,,,,,,,,,,,,,SVR,"{'mode': 'proxy', 'type': 'ExtraTrees', 'n_estimators': 90, 'max_depth': 3, 'min_samples_split': 6}",10,"['nodes_T6W30', 'edges_T6W30', 're_T6W30', 'pe_T6W30', 'l1_T6W30', 'l2_T6W30', 'lsc_T6W30', 'atd_T6W30', 'density_T6W30', 'diameter_T6W30']",,,,,,,,,,,,,,,pruned,True,PRUNED
168,1.0924252994885968,2026-06-20 21:23:44.204222,2026-06-20 21:24:04.523672,0 days 00:00:20.319450,,,,,,,,,,,,,StackingRegressor,,,,9,6.0,8.0,80.0,,ExtraTrees,,,LinearRegression,,,,,,False,-0.03210197973966268,-0.027508735031511907,398.0,-0.029805357385587296,0.0022966223540753883,0.02333486340546342,1.9659423239762661,1.0867196055529926,1.098130993424201,398.0,1.0924252994885968,0.005705693935604127,0.057972782675585165,1.9659423239762661,362298164087138.25,415600384828863.0,398.0,388949274458000.6,26651110370862.37,270788977998247.16,1.9659423239762661,3.212590653229902,3.2595507573738205,398.0,3.236070705301861,0.02348005207195943,0.23856939600020816,1.9659423239762661,0.9737470436268354,0.9830450799118295,398.0,0.9783960617693325,0.004649018142497109,0.04723641356716074,1.9659423239762661,399.0,0.7644110275689223,-0.033778633221257716,-0.02478017544222031,398.0,-0.029279404331739013,0.004499228889518701,0.045714477776692145,1.9659423239762661,StackingRegressor,"{'mode': 'proxy', 'type': 'ExtraTrees', 'n_estimators': 80, 'max_depth': 6, 'min_samples_split': 8}",9,"['nodes_T6W30', 'edges_T6W30', 're_T6W30', 'pe_T6W30', 'l2_T6W30', 'lsc_T6W30', 'atd_T6W30', 'density_T6W30', 'asp_T6W30']",-0.0382033516438394,-0.010723514412294579,398.0,-0.02446343302806699,0.01373991861577241,0.1396046344024694,1.9659423239762661,1.3952582981228967,1.4104738338530165,398.0,1.4028660659879566,0.007607767865059874,0.07729883131922993,1.9659423239762661,completed,False,COMPLETE
169,0.0,2026-06-20 21:24:04.542123,2026-06-20 21:24:04.935648,0 days 00:00:00.393525,,,,,,,,,,,,,SVR,,,,8,,,,,,,,,0.02118942054289825,,13.360333066642857,scale,linear,,,,,,,,,,,,,,,,,,,,,,,,,,,,,,,,,,,,,,,,,,,,,,SVR,"{'mode': 'original', 'type': 'SVR'}",8,"['l2_T6W30', 'l3_T6W30', 'lcc_T6W30', 'lsc_T6W30', 'atd_T6W30', 'density_T6W30', 'diameter_T6W30', 'asp_T6W30']",,,,,,,,,,,,,,,pruned,True,PRUNED
170,0.0,2026-06-20 21:24:04.946888,2026-06-20 21:24:05.411201,0 days 00:00:00.464313,,,,,,,,,,,,,SVR,,,,9,5.0,7.0,80.0,,ExtraTrees,,,,0.08873871884922359,,7.714137406262479,scale,rbf,,,,,,,,,,,,,,,,,,,,,,,,,,,,,,,,,,,,,,,,,,,,,,SVR,"{'mode': 'proxy', 'type': 'ExtraTrees', 'n_estimators': 80, 'max_depth': 5, 'min_samples_split': 7}",9,"['nodes_T6W30', 'edges_T6W30', 're_T6W30', 'pe_T6W30', 'l2_T6W30', 'lsc_T6W30', 'atd_T6W30', 'density_T6W30', 'diameter_T6W30']",,,,,,,,,,,,,,,pruned,True,PRUNED
171,0.0,2026-06-20 21:24:05.421694,2026-06-20 21:24:05.928172,0 days 00:00:00.506478,,,,,,,,,,,,,SVR,,,,9,6.0,6.0,90.0,,ExtraTrees,,,,0.37212184211944244,,17.557438607332628,scale,rbf,,,,,,,,,,,,,,,,,,,,,,,,,,,,,,,,,,,,,,,,,,,,,,SVR,"{'mode': 'proxy', 'type': 'ExtraTrees', 'n_estimators': 90, 'max_depth': 6, 'min_samples_split': 6}",9,"['nodes_T6W30', 'edges_T6W30', 're_T6W30', 'pe_T6W30', 'l1_T6W30', 'l2_T6W30', 'lsc_T6W30', 'density_T6W30', 'asp_T6W30']",,,,,,,,,,,,,,,pruned,True,PRUNED
172,0.0,2026-06-20 21:24:05.938649,2026-06-20 21:24:06.456323,0 days 00:00:00.517674,,,,,,,,,,,,,SVR,,,,9,6.0,7.0,80.0,,ExtraTrees,,,,0.1366764111784313,,10.411341908056809,scale,rbf,,,,,,,,,,,,,,,,,,,,,,,,,,,,,,,,,,,,,,,,,,,,,,SVR,"{'mode': 'proxy', 'type': 'ExtraTrees', 'n_estimators': 80, 'max_depth': 6, 'min_samples_split': 7}",9,"['nodes_T6W30', 'edges_T6W30', 're_T6W30', 'pe_T6W30', 'l1_T6W30', 'l2_T6W30', 'lsc_T6W30', 'atd_T6W30', 'density_T6W30']",,,,,,,,,,,,,,,pruned,True,PRUNED
173,1.445612272792836,2026-06-20 21:24:06.467834,2026-06-20 21:24:13.165543,0 days 00:00:06.697709,,19.0,11.0,,,,,,,,,,DecisionTreeRegressor,,,,9,,,,,,,,,,,,,,True,-0.37651701171036184,-0.35170858903450714,398.0,-0.3641128003724345,0.012404211337927329,0.1260331620082861,1.9659423239762661,1.4322455869008155,1.4589789586848565,398.0,1.445612272792836,0.013366685892020596,0.13581239811610615,1.9659423239762661,367685331110842.8,433113389513949.2,398.0,400399360312396.0,32714029201553.188,332391349194159.56,1.9659423239762661,4.54520392459706,4.7096554460517845,398.0,4.627429685324422,0.08222576072736243,0.8354559867357003,1.9659423239762661,1.2007911304033727,1.2381156603831172,398.0,1.219453395393245,0.018662264989872144,0.18961820327249745,1.9659423239762661,399.0,0.9974937343358395,-0.7699411723900256,-0.7092391331747454,398.0,-0.7395901527823855,0.030351019607640084,0.3083819573139864,1.9659423239762661,DecisionTreeRegressor,"{'mode': 'original', 'type': 'DecisionTreeRegressor'}",9,"['nodes_T6W30', 'edges_T6W30', 're_T6W30', 'pe_T6W30', 'l1_T6W30', 'l2_T6W30', 'lsc_T6W30', 'density_T6W30', 'diameter_T6W30']",0.01865380409984351,0.044934191276006265,398.0,0.03179399768792489,0.013140193588081378,0.13351111990838005,1.9659423239762661,1.7988101973694142,1.8311367502425866,398.0,1.8149734738060004,0.01616327643658619,0.16422719528232174,1.9659423239762661,completed,True,COMPLETE
174,1.1349619336765506,2026-06-20 21:24:13.183768,2026-06-20 21:24:47.636514,0 days 00:00:34.452746,,,,,,,,,,,,,RandomForestRegressor,5.0,5.0,70.0,9,,,,,,,,,,,,,,False,-0.07460761743587327,-0.06551971101394694,398.0,-0.0700636642249101,0.004543953210963171,0.04616889986744504,1.9659423239762661,1.1280131464904162,1.141910720862685,398.0,1.1349619336765506,0.006948787186134423,0.07060324895573084,1.9659423239762661,357316720775832.94,411703545217181.94,398.0,384510132996507.44,27193412220674.496,276299043493969.78,1.9659423239762661,3.3306086781453783,3.4152310740118055,398.0,3.372919876078592,0.042311197933213536,0.4299035157177845,1.9659423239762661,0.9860232630869277,1.0051828783939307,398.0,0.9956030707404292,0.009579807653501478,0.09733576904726585,1.9659423239762661,399.0,0.7819548872180451,-0.06942114870725134,-0.05264418887930905,398.0,-0.0610326687932802,0.00838847991397115,0.08523126696238927,1.9659423239762661,RandomForestRegressor,"{'mode': 'original', 'type': 'RandomForestRegressor'}",9,"['nodes_T6W30', 're_T6W30', 'pe_T6W30', 'l1_T6W30', 'l2_T6W30', 'l3_T6W30', 'lsc_T6W30', 'diameter_T6W30', 'asp_T6W30']",0.05765244259241269,0.08200011057660182,398.0,0.06982627658450725,0.01217383399209457,0.12369240977830752,1.9659423239762661,1.4147059099387826,1.4316611884267694,398.0,1.423183549182776,0.008477639243993427,0.08613717157648507,1.9659423239762661,completed,False,COMPLETE
175,0.0,2026-06-20 21:24:47.655202,2026-06-20 21:24:48.179548,0 days 00:00:00.524346,,,,,,,,,,,,,SVR,,,,9,5.0,5.0,90.0,,ExtraTrees,,,,0.03298246037337654,,42.53889465524305,scale,rbf,,,,,,,,,,,,,,,,,,,,,,,,,,,,,,,,,,,,,,,,,,,,,,SVR,"{'mode': 'proxy', 'type': 'ExtraTrees', 'n_estimators': 90, 'max_depth': 5, 'min_samples_split': 5}",9,"['nodes_T6W30', 'edges_T6W30', 're_T6W30', 'pe_T6W30', 'l2_T6W30', 'lsc_T6W30', 'atd_T6W30', 'density_T6W30', 'diameter_T6W30']",,,,,,,,,,,,,,,pruned,True,PRUNED
176,0.0,2026-06-20 21:24:48.190001,2026-06-20 21:24:48.679513,0 days 00:00:00.489512,,,,,,,,,,,,,SVR,,,,9,5.0,6.0,80.0,,ExtraTrees,,,,0.01150311406565179,4.0,5.179645165994437,auto,poly,,,,,,,,,,,,,,,,,,,,,,,,,,,,,,,,,,,,,,,,,,,,,,SVR,"{'mode': 'proxy', 'type': 'ExtraTrees', 'n_estimators': 80, 'max_depth': 5, 'min_samples_split': 6}",9,"['nodes_T6W30', 'edges_T6W30', 're_T6W30', 'pe_T6W30', 'l2_T6W30', 'lsc_T6W30', 'atd_T6W30', 'density_T6W30', 'diameter_T6W30']",,,,,,,,,,,,,,,pruned,True,PRUNED
177,-0.010344909105294613,2026-06-20 21:24:48.690272,2026-06-20 21:24:48.982397,0 days 00:00:00.292125,,,,,,,,,,,,,SVR,,,,8,,,,0.01322909317253006,LinearSVC,,,,0.017468187858636214,,2.9613869861785647,scale,rbf,,,,,,,,,,,,,,,,,,,,,,,,,,,,,,,,,,,,,,,,,,,,,,SVR,"{'mode': 'proxy', 'type': 'LinearSVC', 'C': 0.01322909317253006, 'epsilon': 2.9613869861785647}",8,"['edges_T6W30', 're_T6W30', 'pe_T6W30', 'l1_T6W30', 'l2_T6W30', 'l3_T6W30', 'diameter_T6W30', 'asp_T6W30']",,,,,,,,,,,,,,,pruned,True,PRUNED
178,0.0,2026-06-20 21:24:48.993069,2026-06-20 21:24:49.430477,0 days 00:00:00.437408,,,,,,,,,,,,,SVR,,,,10,5.0,7.0,80.0,,ExtraTrees,,,,0.02693774051328707,,8.388963690067198,scale,rbf,,,,,,,,,,,,,,,,,,,,,,,,,,,,,,,,,,,,,,,,,,,,,,SVR,"{'mode': 'proxy', 'type': 'ExtraTrees', 'n_estimators': 80, 'max_depth': 5, 'min_samples_split': 7}",10,"['nodes_T6W30', 'edges_T6W30', 're_T6W30', 'pe_T6W30', 'l1_T6W30', 'l2_T6W30', 'lsc_T6W30', 'atd_T6W30', 'density_T6W30', 'diameter_T6W30']",,,,,,,,,,,,,,,pruned,True,PRUNED
179,1.1452531859887338,2026-06-20 21:24:49.442110,2026-06-20 21:25:41.980480,0 days 00:00:52.538370,,,,,,14.0,3.0,170.0,,,,,ExtraTreesRegressor,,,,10,,,,,,,,,,,,,,True,-0.08564516503462653,-0.07375107703001642,398.0,-0.07969812103232148,0.005947044002305056,0.060425023388722805,1.9659423239762661,1.1370668998440678,1.1534394721333998,398.0,1.1452531859887338,0.008186286144666056,0.08317687435413232,1.9659423239762661,348688781465955.8,402965289174465.94,398.0,375827035320210.9,27138253854255.074,275738606143971.12,1.9659423239762661,3.660386571014307,3.7756078298059537,398.0,3.7179972004101303,0.057610629395823454,0.5853536021143279,1.9659423239762661,0.958547481210315,0.9805876405899607,398.0,0.9695675609001378,0.011020079689822868,0.11196967312584866,1.9659423239762661,399.0,0.7769423558897243,-0.11013493164156876,-0.08587236224777484,398.0,-0.0980036469446718,0.012131284696896961,0.12326008707201971,1.9659423239762661,ExtraTreesRegressor,"{'mode': 'original', 'type': 'ExtraTreesRegressor'}",10,"['edges_T6W30', 're_T6W30', 'pe_T6W30', 'l1_T6W30', 'l2_T6W30', 'lsc_T6W30', 'atd_T6W30', 'density_T6W30', 'diameter_T6W30', 'asp_T6W30']",0.1001758564033151,0.1248165002097223,398.0,0.1124961783065187,0.012320321903203604,0.1251808022387463,1.9659423239762661,1.4364263955328505,1.4566795070756844,398.0,1.4465529513042674,0.010126555771416973,0.10289101091196011,1.9659423239762661,completed,True,COMPLETE
180,0.0,2026-06-20 21:25:41.998833,2026-06-20 21:25:42.438591,0 days 00:00:00.439758,,,,,,,,,,,,,SVR,,,,9,5.0,7.0,70.0,,ExtraTrees,,,,0.04321835282433676,,13.752398685503215,scale,rbf,,,,,,,,,,,,,,,,,,,,,,,,,,,,,,,,,,,,,,,,,,,,,,SVR,"{'mode': 'proxy', 'type': 'ExtraTrees', 'n_estimators': 70, 'max_depth': 5, 'min_samples_split': 7}",9,"['nodes_T6W30', 'edges_T6W30', 're_T6W30', 'pe_T6W30', 'l2_T6W30', 'lsc_T6W30', 'atd_T6W30', 'density_T6W30', 'diameter_T6W30']",,,,,,,,,,,,,,,pruned,True,PRUNED
181,0.0,2026-06-20 21:25:42.449075,2026-06-20 21:25:42.851405,0 days 00:00:00.402330,,,,,,,,,,,,,SVR,,,,10,4.0,6.0,60.0,,ExtraTrees,,,,0.004906076408779143,,6.00155207803648,scale,rbf,,,,,,,,,,,,,,,,,,,,,,,,,,,,,,,,,,,,,,,,,,,,,,SVR,"{'mode': 'proxy', 'type': 'ExtraTrees', 'n_estimators': 60, 'max_depth': 4, 'min_samples_split': 6}",10,"['nodes_T6W30', 'edges_T6W30', 're_T6W30', 'pe_T6W30', 'l1_T6W30', 'l2_T6W30', 'lsc_T6W30', 'atd_T6W30', 'density_T6W30', 'diameter_T6W30']",,,,,,,,,,,,,,,pruned,True,PRUNED
182,0.0,2026-06-20 21:25:42.861958,2026-06-20 21:25:43.263763,0 days 00:00:00.401805,,,,,,,,,,,,,SVR,,,,10,4.0,6.0,60.0,,ExtraTrees,,,,0.007146375930932999,,4.085733085193261,scale,rbf,,,,,,,,,,,,,,,,,,,,,,,,,,,,,,,,,,,,,,,,,,,,,,SVR,"{'mode': 'proxy', 'type': 'ExtraTrees', 'n_estimators': 60, 'max_depth': 4, 'min_samples_split': 6}",10,"['nodes_T6W30', 'edges_T6W30', 're_T6W30', 'pe_T6W30', 'l1_T6W30', 'l2_T6W30', 'lsc_T6W30', 'atd_T6W30', 'density_T6W30', 'diameter_T6W30']",,,,,,,,,,,,,,,pruned,True,PRUNED
183,0.0,2026-06-20 21:25:43.274358,2026-06-20 21:25:43.777290,0 days 00:00:00.502932,,,,,,,,,,,,,SVR,,,,9,5.0,7.0,70.0,,ExtraTrees,,,,0.018944883171983392,,7.090939964594369,scale,rbf,,,,,,,,,,,,,,,,,,,,,,,,,,,,,,,,,,,,,,,,,,,,,,SVR,"{'mode': 'proxy', 'type': 'ExtraTrees', 'n_estimators': 70, 'max_depth': 5, 'min_samples_split': 7}",9,"['nodes_T6W30', 'edges_T6W30', 're_T6W30', 'pe_T6W30', 'l2_T6W30', 'lsc_T6W30', 'atd_T6W30', 'density_T6W30', 'diameter_T6W30']",,,,,,,,,,,,,,,pruned,True,PRUNED
184,0.0,2026-06-20 21:25:43.787940,2026-06-20 21:25:44.285819,0 days 00:00:00.497879,,,,,,,,,,,,,SVR,,,,9,5.0,7.0,80.0,,ExtraTrees,,,,0.03417863884263582,,9.881418735285047,scale,rbf,,,,,,,,,,,,,,,,,,,,,,,,,,,,,,,,,,,,,,,,,,,,,,SVR,"{'mode': 'proxy', 'type': 'ExtraTrees', 'n_estimators': 80, 'max_depth': 5, 'min_samples_split': 7}",9,"['nodes_T6W30', 'edges_T6W30', 're_T6W30', 'pe_T6W30', 'l2_T6W30', 'lsc_T6W30', 'atd_T6W30', 'density_T6W30', 'diameter_T6W30']",,,,,,,,,,,,,,,pruned,True,PRUNED
185,1.1165739675890254,2026-06-20 21:25:44.296228,2026-06-20 21:25:50.987471,0 days 00:00:06.691243,,,,,,,,,,,,,Ridge,,,,10,,,,,,0.7258833958745639,sparse_cg,,,,,,,False,-0.056427584828672335,-0.04904648696415454,398.0,-0.05273703589641344,0.003690548932258897,0.03749787381134814,1.9659423239762661,1.1103114181563511,1.1228365170216996,398.0,1.1165739675890254,0.00626254943267417,0.06363072070690869,1.9659423239762661,364546817191361.6,418355273799201.9,398.0,391451045495281.75,26904228303920.145,273360786281352.66,1.9659423239762661,3.3594852155222386,3.436072182464656,398.0,3.3977786989934473,0.038293483471208783,0.38908147198618437,1.9659423239762661,0.9676464548906069,0.9831181460056387,398.0,0.9753823004481228,0.007735845557515978,0.07860016649671207,1.9659423239762661,399.0,0.7844611528822055,-0.06728371984804436,-0.05205230921937721,398.0,-0.05966801453371078,0.007615705314333574,0.07737947988309196,1.9659423239762661,Ridge,"{'mode': 'original', 'type': 'Ridge'}",10,"['nodes_T6W30', 'pe_T6W30', 'l1_T6W30', 'l2_T6W30', 'l3_T6W30', 'lcc_T6W30', 'lsc_T6W30', 'atd_T6W30', 'diameter_T6W30', 'asp_T6W30']",0.0168266362236624,0.04119016387760232,398.0,0.02900840005063236,0.012181763826969961,0.12377298097596952,1.9659423239762661,1.4144355165937206,1.4304417293150882,398.0,1.4224386229544044,0.008003106360683845,0.0813156736084886,1.9659423239762661,completed,False,COMPLETE
186,-0.0018225315686287342,2026-06-20 21:25:51.006317,2026-06-20 21:25:51.399519,0 days 00:00:00.393202,,,,,,,,,,,,,SVR,,,,11,5.0,7.0,90.0,,ExtraTrees,,,,0.0029452688941078217,,2.9933978742681058,scale,rbf,,,,,,,,,,,,,,,,,,,,,,,,,,,,,,,,,,,,,,,,,,,,,,SVR,"{'mode': 'proxy', 'type': 'ExtraTrees', 'n_estimators': 90, 'max_depth': 5, 'min_samples_split': 7}",11,"['nodes_T6W30', 'edges_T6W30', 're_T6W30', 'pe_T6W30', 'l1_T6W30', 'l2_T6W30', 'lsc_T6W30', 'atd_T6W30', 'density_T6W30', 'diameter_T6W30', 'asp_T6W30']",,,,,,,,,,,,,,,pruned,True,PRUNED
187,0.0,2026-06-20 21:25:51.410208,2026-06-20 21:25:51.910520,0 days 00:00:00.500312,,,,,,,,,,,,,SVR,,,,9,6.0,7.0,80.0,,ExtraTrees,,,,0.008913179875312736,,22.685412572004452,scale,rbf,,,,,,,,,,,,,,,,,,,,,,,,,,,,,,,,,,,,,,,,,,,,,,SVR,"{'mode': 'proxy', 'type': 'ExtraTrees', 'n_estimators': 80, 'max_depth': 6, 'min_samples_split': 7}",9,"['nodes_T6W30', 'edges_T6W30', 're_T6W30', 'pe_T6W30', 'l1_T6W30', 'l2_T6W30', 'lsc_T6W30', 'atd_T6W30', 'density_T6W30']",,,,,,,,,,,,,,,pruned,True,PRUNED
188,1.1515040952642572,2026-06-20 21:25:51.920999,2026-06-20 21:28:43.347318,0 days 00:02:51.426319,278.0,,,,,,,,,,,,BaggingRegressor,,,,10,5.0,6.0,80.0,,ExtraTrees,,,,,,,,,False,-0.09099093167718121,-0.08032725759547162,398.0,-0.08565909463632641,0.005331837040854802,0.054174204491111114,1.9659423239762661,1.1438979858430018,1.1591102046855126,398.0,1.1515040952642572,0.007606109421255502,0.07728198067786438,1.9659423239762661,361386754746203.5,416967891157619.9,398.0,389177322951911.7,27790568205708.156,282366455194369.0,1.9659423239762661,3.534659101708724,3.640797525470735,398.0,3.5877283135897295,0.05306921188100544,0.5392104662228713,1.9659423239762661,0.9612164678500295,0.9838981171736811,398.0,0.9725572925118553,0.011340824661825866,0.11522860687975806,1.9659423239762661,399.0,0.8245614035087719,-0.1123252471793064,-0.0909433342129833,398.0,-0.10163429069614485,0.010690956483161559,0.10862561220203967,1.9659423239762661,BaggingRegressor,"{'mode': 'proxy', 'type': 'ExtraTrees', 'n_estimators': 80, 'max_depth': 5, 'min_samples_split': 6}",10,"['nodes_T6W30', 'edges_T6W30', 're_T6W30', 'pe_T6W30', 'l1_T6W30', 'l2_T6W30', 'lsc_T6W30', 'atd_T6W30', 'density_T6W30', 'diameter_T6W30']",0.06319336207588166,0.08756325448306737,398.0,0.07537830827947452,0.012184946203592858,0.12380531555795607,1.9659423239762661,1.4400761701995979,1.4589026034667443,398.0,1.449489386833171,0.009413216633573281,0.09564311866976558,1.9659423239762661,completed,False,COMPLETE
189,1.0898494326073722,2026-06-20 21:28:43.366139,2026-06-20 21:28:50.243667,0 days 00:00:06.877528,,,,,,,,,,,,,SVR,,,,9,5.0,7.0,80.0,,ExtraTrees,,,,0.023643744441127296,,2.0890779306709115,scale,rbf,,-0.027696924924304565,-0.026682747607751977,398.0,-0.02718983626602827,0.0005070886582762955,0.005152281372834121,1.9659423239762661,1.08426877469995,1.0954300905147945,398.0,1.0898494326073722,0.0055806579074223475,0.05670235237031273,1.9659423239762661,378739322178070.06,434425656361252.94,398.0,406582489269661.5,27843167091591.46,282900886906743.7,1.9659423239762661,3.0439078230500543,3.059096243071686,398.0,3.05150203306087,0.007594210010815896,0.07716107655241204,1.9659423239762661,1.054095287230977,1.0578874129270943,398.0,1.0559913500790357,0.0018960628480587506,0.019264972967415667,1.9659423239762661,399.0,0.8546365914786967,-0.010149130689119401,-0.008298508282786247,398.0,-0.009223819485952824,0.000925311203166577,0.00940163736328777,1.9659423239762661,SVR,"{'mode': 'proxy', 'type': 'ExtraTrees', 'n_estimators': 80, 'max_depth': 5, 'min_samples_split': 7}",9,"['nodes_T6W30', 'edges_T6W30', 're_T6W30', 'pe_T6W30', 'l2_T6W30', 'lsc_T6W30', 'atd_T6W30', 'density_T6W30', 'diameter_T6W30']",0.12055756356753453,0.1444151168403611,398.0,0.1324863402039478,0.011928776636413282,0.12120250110386675,1.9659423239762661,1.3820818300805024,1.3977497078626495,398.0,1.389915768971576,0.00783393889107363,0.0795968451781211,1.9659423239762661,completed,True,COMPLETE
190,0.0,2026-06-20 21:28:50.262160,2026-06-20 21:28:50.713075,0 days 00:00:00.450915,,,,,,,,,,,,,SVR,,,,9,4.0,7.0,80.0,,ExtraTrees,,,,0.013989071561422272,,5.299903893260884,scale,rbf,,,,,,,,,,,,,,,,,,,,,,,,,,,,,,,,,,,,,,,,,,,,,,SVR,"{'mode': 'proxy', 'type': 'ExtraTrees', 'n_estimators': 80, 'max_depth': 4, 'min_samples_split': 7}",9,"['nodes_T6W30', 'edges_T6W30', 're_T6W30', 'pe_T6W30', 'l1_T6W30', 'l2_T6W30', 'lsc_T6W30', 'atd_T6W30', 'density_T6W30']",,,,,,,,,,,,,,,pruned,True,PRUNED
191,0.0,2026-06-20 21:28:50.723586,2026-06-20 21:28:51.171386,0 days 00:00:00.447800,,,,,,,,,,,,,SVR,,,,10,6.0,8.0,90.0,,ExtraTrees,,,,0.06660568951035617,,14.641466579235619,scale,rbf,,,,,,,,,,,,,,,,,,,,,,,,,,,,,,,,,,,,,,,,,,,,,,SVR,"{'mode': 'proxy', 'type': 'ExtraTrees', 'n_estimators': 90, 'max_depth': 6, 'min_samples_split': 8}",10,"['nodes_T6W30', 'edges_T6W30', 're_T6W30', 'pe_T6W30', 'l2_T6W30', 'lsc_T6W30', 'atd_T6W30', 'density_T6W30', 'diameter_T6W30', 'asp_T6W30']",,,,,,,,,,,,,,,pruned,True,PRUNED
192,0.0,2026-06-20 21:28:51.181899,2026-06-20 21:28:51.621486,0 days 00:00:00.439587,,,,,,,,,,,,,SVR,,,,10,6.0,7.0,90.0,,ExtraTrees,,,,0.09197914365543192,,7.618914406162536,scale,rbf,,,,,,,,,,,,,,,,,,,,,,,,,,,,,,,,,,,,,,,,,,,,,,SVR,"{'mode': 'proxy', 'type': 'ExtraTrees', 'n_estimators': 90, 'max_depth': 6, 'min_samples_split': 7}",10,"['nodes_T6W30', 'edges_T6W30', 're_T6W30', 'pe_T6W30', 'l1_T6W30', 'l2_T6W30', 'lsc_T6W30', 'atd_T6W30', 'density_T6W30', 'asp_T6W30']",,,,,,,,,,,,,,,pruned,True,PRUNED
193,0.0,2026-06-20 21:28:51.633074,2026-06-20 21:28:52.113862,0 days 00:00:00.480788,,,,,,,,,,,,,SVR,,,,9,8.0,8.0,80.0,,ExtraTrees,,,,0.14844404692624527,,10.38398358785363,scale,rbf,,,,,,,,,,,,,,,,,,,,,,,,,,,,,,,,,,,,,,,,,,,,,,SVR,"{'mode': 'proxy', 'type': 'ExtraTrees', 'n_estimators': 80, 'max_depth': 8, 'min_samples_split': 8}",9,"['edges_T6W30', 're_T6W30', 'pe_T6W30', 'l2_T6W30', 'lsc_T6W30', 'atd_T6W30', 'density_T6W30', 'diameter_T6W30', 'asp_T6W30']",,,,,,,,,,,,,,,pruned,True,PRUNED
194,0.0,2026-06-20 21:28:52.125571,2026-06-20 21:28:52.592790,0 days 00:00:00.467219,,,,,,,,,,,,,SVR,,,,10,5.0,7.0,90.0,,ExtraTrees,,,,0.22700083370323018,,4.813664106777576,scale,rbf,,,,,,,,,,,,,,,,,,,,,,,,,,,,,,,,,,,,,,,,,,,,,,SVR,"{'mode': 'proxy', 'type': 'ExtraTrees', 'n_estimators': 90, 'max_depth': 5, 'min_samples_split': 7}",10,"['nodes_T6W30', 'edges_T6W30', 're_T6W30', 'pe_T6W30', 'l1_T6W30', 'l2_T6W30', 'lsc_T6W30', 'atd_T6W30', 'density_T6W30', 'diameter_T6W30']",,,,,,,,,,,,,,,pruned,True,PRUNED
195,0.0,2026-06-20 21:28:52.603835,2026-06-20 21:28:53.059099,0 days 00:00:00.455264,,,,,,,,,,,,,SVR,,,,9,5.0,6.0,80.0,,ExtraTrees,,,,0.02539074399936074,,6.544582661327292,scale,rbf,,,,,,,,,,,,,,,,,,,,,,,,,,,,,,,,,,,,,,,,,,,,,,SVR,"{'mode': 'proxy', 'type': 'ExtraTrees', 'n_estimators': 80, 'max_depth': 5, 'min_samples_split': 6}",9,"['nodes_T6W30', 'edges_T6W30', 're_T6W30', 'pe_T6W30', 'l2_T6W30', 'lsc_T6W30', 'atd_T6W30', 'density_T6W30', 'diameter_T6W30']",,,,,,,,,,,,,,,pruned,True,PRUNED
196,1.113732628395443,2026-06-20 21:28:53.069580,2026-06-20 21:29:00.139464,0 days 00:00:07.069884,,,,,,,,,,euclidean,12.0,distance,KNeighborsRegressor,,,,9,5.0,7.0,100.0,,ExtraTrees,,,,,,,,,,-0.05489189318617534,-0.04491351370282983,398.0,-0.04990270344450259,0.004989189741672757,0.050692731836943304,1.9659423239762661,1.1062829187979364,1.1211823379929495,398.0,1.113732628395443,0.007449709597506479,0.07569287809103907,1.9659423239762661,362355385641911.5,416880585102341.0,398.0,389617985372126.25,27262599730214.727,277002024147981.34,1.9659423239762661,3.360957180318905,3.4209989168863326,398.0,3.390978048602619,0.030020868283713916,0.30502745019039285,1.9659423239762661,0.9177165416421091,0.9406111186086081,398.0,0.9291638301253586,0.011447288483249503,0.11631033401967542,1.9659423239762661,399.0,0.5939849624060151,-0.035391563653941006,-0.017044424968161005,398.0,-0.026217994311051006,0.009173569342890002,0.09320817903606375,1.9659423239762661,KNeighborsRegressor,"{'mode': 'proxy', 'type': 'ExtraTrees', 'n_estimators': 100, 'max_depth': 5, 'min_samples_split': 7}",9,"['nodes_T6W30', 'edges_T6W30', 're_T6W30', 'pe_T6W30', 'l1_T6W30', 'l2_T6W30', 'lsc_T6W30', 'atd_T6W30', 'density_T6W30']",0.15782961257837333,0.18216780599519364,398.0,0.16999870928678348,0.012169096708410165,0.12364427654147285,1.9659423239762661,1.3903467666843656,1.408719920034119,398.0,1.3995333433592423,0.00918657667487676,0.09334034021382201,1.9659423239762661,completed,True,COMPLETE
197,0.0,2026-06-20 21:29:00.159198,2026-06-20 21:29:00.592175,0 days 00:00:00.432977,,,,,,,,,,,,,SVR,,,,10,6.0,7.0,80.0,,ExtraTrees,,,,0.043331915607945755,,26.422633881248455,scale,rbf,,,,,,,,,,,,,,,,,,,,,,,,,,,,,,,,,,,,,,,,,,,,,,SVR,"{'mode': 'proxy', 'type': 'ExtraTrees', 'n_estimators': 80, 'max_depth': 6, 'min_samples_split': 7}",10,"['nodes_T6W30', 'edges_T6W30', 're_T6W30', 'pe_T6W30', 'l1_T6W30', 'l2_T6W30', 'lsc_T6W30', 'atd_T6W30', 'density_T6W30', 'asp_T6W30']",,,,,,,,,,,,,,,pruned,True,PRUNED
198,0.0,2026-06-20 21:29:00.602628,2026-06-20 21:29:01.093153,0 days 00:00:00.490525,,,,,,,,,,,,,SVR,,,,9,5.0,7.0,80.0,,ExtraTrees,,,,0.017217649594720136,,13.272445963640587,scale,rbf,,,,,,,,,,,,,,,,,,,,,,,,,,,,,,,,,,,,,,,,,,,,,,SVR,"{'mode': 'proxy', 'type': 'ExtraTrees', 'n_estimators': 80, 'max_depth': 5, 'min_samples_split': 7}",9,"['nodes_T6W30', 'edges_T6W30', 're_T6W30', 'pe_T6W30', 'l2_T6W30', 'lsc_T6W30', 'atd_T6W30', 'density_T6W30', 'diameter_T6W30']",,,,,,,,,,,,,,,pruned,True,PRUNED
199,2.937539928252003,2026-06-20 21:29:01.103673,2026-06-20 21:29:59.556224,0 days 00:00:58.452551,,,,,,,,,3.8174689218070254e-05,,,,GaussianProcessRegressor,,,,11,4.0,7.0,20.0,,ExtraTrees,,,,,,,,,,-1.7962138038436697,-1.759780116509695,398.0,-1.7779969601766823,0.018216843666987347,0.18509249371953002,1.9659423239762661,2.9320830845698187,2.942996771934187,398.0,2.937539928252003,0.005456843682184329,0.05544433621086208,1.9659423239762661,0.968656656599396,0.9726672413808487,398.0,0.9706619489901224,0.0020052923907263624,0.020374801256540773,1.9659423239762661,5.956296093430447,5.988566061958023,398.0,5.972431077694235,0.016134984263787597,0.1639397322666773,1.9659423239762661,3.0,3.0,398.0,3.0,0.0,0.0,1.9659423239762661,399.0,1.0,-4.623621847790447,-4.501170091240895,398.0,-4.562395969515671,0.06122587827477568,0.6220863886856178,1.9659423239762661,GaussianProcessRegressor,"{'mode': 'proxy', 'type': 'ExtraTrees', 'n_estimators': 20, 'max_depth': 4, 'min_samples_split': 7}",11,"['nodes_T6W30', 'edges_T6W30', 're_T6W30', 'pe_T6W30', 'l1_T6W30', 'l2_T6W30', 'lcc_T6W30', 'lsc_T6W30', 'atd_T6W30', 'density_T6W30', 'asp_T6W30']",0.07236041519029277,0.0962745492011629,398.0,0.08431748219572784,0.01195706700543507,0.12148994579221185,1.9659423239762661,3.2439416126991616,3.2522408562190503,398.0,3.248091234459106,0.004149621759944492,0.04216228966891998,1.9659423239762661,completed,True,COMPLETE
200,1.1175220972511908,2026-06-20 21:29:59.574656,2026-06-20 21:30:06.144332,0 days 00:00:06.569676,,,,,,,,,,,,,SVR,,,,8,,,,0.45284531043249915,LinearSVC,,,,0.02622871357751157,,1.3144772129060724,scale,rbf,,-0.055620002131074445,-0.05062260708079591,398.0,-0.05312130460593518,0.002498697525139264,0.025388050994639172,1.9659423239762661,1.1109057043775188,1.1241384901248628,398.0,1.1175220972511908,0.0066163928736720995,0.0672259519158856,1.9659423239762661,358767931308628.1,413324833147785.5,398.0,386046382228206.8,27278450919578.695,277163080378217.03,1.9659423239762661,3.2061998039358897,3.2318544533602656,398.0,3.2190271286480776,0.012827324712187888,0.13033221133865364,1.9659423239762661,0.8800811789003493,0.9178127002684948,398.0,0.8989469395844221,0.018865760684072797,0.19168582410678303,1.9659423239762661,399.0,0.8897243107769424,-0.03419089592773415,-0.028805278692057443,398.0,-0.0314980873098958,0.002692808617838355,0.027360319454702176,1.9659423239762661,SVR,"{'mode': 'proxy', 'type': 'LinearSVC', 'C': 0.45284531043249915, 'epsilon': 1.3144772129060724}",8,"['nodes_T6W30', 'pe_T6W30', 'l3_T6W30', 'lcc_T6W30', 'lsc_T6W30', 'atd_T6W30', 'diameter_T6W30', 'asp_T6W30']",0.09055863358132074,0.11451863604378767,398.0,0.10253863481255421,0.011980001231233467,0.12172296931275975,1.9659423239762661,1.3970576024812393,1.4126861370154846,398.0,1.404871869748362,0.007814267267122709,0.07939697136907113,1.9659423239762661,completed,True,COMPLETE
201,0.0,2026-06-20 21:30:06.165253,2026-06-20 21:30:06.583737,0 days 00:00:00.418484,,,,,,,,,,,,,SVR,,,,10,5.0,7.0,80.0,,ExtraTrees,,,,0.03114696974445216,,9.417564751993472,scale,rbf,,,,,,,,,,,,,,,,,,,,,,,,,,,,,,,,,,,,,,,,,,,,,,SVR,"{'mode': 'proxy', 'type': 'ExtraTrees', 'n_estimators': 80, 'max_depth': 5, 'min_samples_split': 7}",10,"['nodes_T6W30', 'edges_T6W30', 're_T6W30', 'pe_T6W30', 'l1_T6W30', 'l2_T6W30', 'lsc_T6W30', 'atd_T6W30', 'density_T6W30', 'diameter_T6W30']",,,,,,,,,,,,,,,pruned,True,PRUNED
202,0.0,2026-06-20 21:30:06.594242,2026-06-20 21:30:07.048188,0 days 00:00:00.453946,,,,,,,,,,,,,SVR,,,,10,5.0,7.0,80.0,,ExtraTrees,,,,0.0517111484354429,,17.244219069985753,scale,rbf,,,,,,,,,,,,,,,,,,,,,,,,,,,,,,,,,,,,,,,,,,,,,,SVR,"{'mode': 'proxy', 'type': 'ExtraTrees', 'n_estimators': 80, 'max_depth': 5, 'min_samples_split': 7}",10,"['nodes_T6W30', 'edges_T6W30', 're_T6W30', 'pe_T6W30', 'l1_T6W30', 'l2_T6W30', 'lsc_T6W30', 'atd_T6W30', 'density_T6W30', 'diameter_T6W30']",,,,,,,,,,,,,,,pruned,True,PRUNED
203,0.0,2026-06-20 21:30:07.058714,2026-06-20 21:30:07.526562,0 days 00:00:00.467848,,,,,,,,,,,,,SVR,,,,9,5.0,7.0,80.0,,ExtraTrees,,,,0.036720399916947276,,7.694832596743598,scale,rbf,,,,,,,,,,,,,,,,,,,,,,,,,,,,,,,,,,,,,,,,,,,,,,SVR,"{'mode': 'proxy', 'type': 'ExtraTrees', 'n_estimators': 80, 'max_depth': 5, 'min_samples_split': 7}",9,"['nodes_T6W30', 'edges_T6W30', 're_T6W30', 'pe_T6W30', 'l2_T6W30', 'lsc_T6W30', 'atd_T6W30', 'density_T6W30', 'diameter_T6W30']",,,,,,,,,,,,,,,pruned,True,PRUNED
204,0.0,2026-06-20 21:30:07.537141,2026-06-20 21:30:07.814409,0 days 00:00:00.277268,,,,,,,,,,,,,SVR,,,,9,,,,,,,,,0.019867791436347593,,5.916271098637671,scale,linear,,,,,,,,,,,,,,,,,,,,,,,,,,,,,,,,,,,,,,,,,,,,,,SVR,"{'mode': 'original', 'type': 'SVR'}",9,"['l1_T6W30', 'l2_T6W30', 'l3_T6W30', 'lcc_T6W30', 'lsc_T6W30', 'atd_T6W30', 'density_T6W30', 'diameter_T6W30', 'asp_T6W30']",,,,,,,,,,,,,,,pruned,True,PRUNED
205,1.1346608329792742,2026-06-20 21:30:07.824444,2026-06-20 21:30:14.348021,0 days 00:00:06.523577,,,,,,,,,,,,,LinearRegression,,,,10,,,,,,,,,,,,,,True,-0.07543749233523715,-0.06506184909574649,398.0,-0.07024967071549182,0.00518782161974534,0.05271093379973855,1.9659423239762661,1.1280230830152371,1.1412985829433113,398.0,1.1346608329792742,0.006637749964037011,0.0674429509299024,1.9659423239762661,339135699762455.0,389413267649922.6,398.0,364274483706188.8,25138783943733.79,255422964278623.0,1.9659423239762661,3.5112698887391556,3.6281485646401315,398.0,3.5697092266896435,0.058439337950488064,0.5937737069224703,1.9659423239762661,1.0011116423065163,1.019837342456432,398.0,1.0104744923814741,0.009362850074957801,0.0951313685496773,1.9659423239762661,399.0,0.6892230576441103,-0.07883215327711751,-0.05566261004235909,398.0,-0.0672473816597383,0.011584771617379214,0.11770723331823833,1.9659423239762661,LinearRegression,"{'mode': 'original', 'type': 'LinearRegression'}",10,"['nodes_T6W30', 'edges_T6W30', 'pe_T6W30', 'l1_T6W30', 'lcc_T6W30', 'lsc_T6W30', 'atd_T6W30', 'density_T6W30', 'diameter_T6W30', 'asp_T6W30']",0.09202689302977687,0.11539239463304521,398.0,0.10370964383141104,0.011682750801634173,0.118702752184068,1.9659423239762661,1.416953449071105,1.43436453856856,398.0,1.4256589938198325,0.00870554474872753,0.08845280863056425,1.9659423239762661,completed,True,COMPLETE
206,0.0,2026-06-20 21:30:14.366375,2026-06-20 21:30:14.853198,0 days 00:00:00.486823,,,,,,,,,,,,,SVR,,,,9,5.0,2.0,80.0,,ExtraTrees,,,,0.10895096518433693,,4.002025092100245,auto,rbf,,,,,,,,,,,,,,,,,,,,,,,,,,,,,,,,,,,,,,,,,,,,,,SVR,"{'mode': 'proxy', 'type': 'ExtraTrees', 'n_estimators': 80, 'max_depth': 5, 'min_samples_split': 2}",9,"['nodes_T6W30', 'edges_T6W30', 're_T6W30', 'pe_T6W30', 'l2_T6W30', 'lsc_T6W30', 'atd_T6W30', 'density_T6W30', 'diameter_T6W30']",,,,,,,,,,,,,,,pruned,True,PRUNED
207,0.0,2026-06-20 21:30:14.863905,2026-06-20 21:30:15.328069,0 days 00:00:00.464164,,,,,,,,,,,,,SVR,,,,9,5.0,7.0,80.0,,ExtraTrees,,,,0.02232509987017711,,12.328104507270123,scale,rbf,,,,,,,,,,,,,,,,,,,,,,,,,,,,,,,,,,,,,,,,,,,,,,SVR,"{'mode': 'proxy', 'type': 'ExtraTrees', 'n_estimators': 80, 'max_depth': 5, 'min_samples_split': 7}",9,"['nodes_T6W30', 'edges_T6W30', 're_T6W30', 'pe_T6W30', 'l2_T6W30', 'lsc_T6W30', 'atd_T6W30', 'density_T6W30', 'diameter_T6W30']",,,,,,,,,,,,,,,pruned,True,PRUNED
208,1.265438596491228,2026-06-20 21:30:15.338536,2026-06-20 21:30:58.222145,0 days 00:00:42.883609,,,,,,,,,,,,,StackingRegressor,,,,10,5.0,7.0,80.0,,ExtraTrees,,,ExtraTreesRegressor,,,,,,False,-0.20188590775914886,-0.185137533506913,398.0,-0.19351172063303093,0.008374187126117925,0.08508604489240182,1.9659423239762661,1.2555822092384898,1.2752949837439662,398.0,1.265438596491228,0.009856387252738175,0.10014595991624939,1.9659423239762661,362074961868792.4,417327298278293.75,398.0,389701130073543.06,27626168204750.676,280696066695627.2,1.9659423239762661,3.826667349541359,3.9275682394310723,398.0,3.8771177944862156,0.0504504449448567,0.5126024483058912,1.9659423239762661,1.0476322583221707,1.0748740073419893,398.0,1.06125313283208,0.013620874509909392,0.1383950851073449,1.9659423239762661,399.0,0.974937343358396,-0.33969320676931325,-0.3028995099521562,398.0,-0.3212963583607347,0.018396848408578526,0.18692143440275216,1.9659423239762661,StackingRegressor,"{'mode': 'proxy', 'type': 'ExtraTrees', 'n_estimators': 80, 'max_depth': 5, 'min_samples_split': 7}",10,"['nodes_T6W30', 'edges_T6W30', 're_T6W30', 'pe_T6W30', 'l1_T6W30', 'l2_T6W30', 'lsc_T6W30', 'atd_T6W30', 'density_T6W30', 'diameter_T6W30']",-0.010683982049964987,0.01674650533886813,398.0,0.003031261644451572,0.01371524369441656,0.13935392452047352,1.9659423239762661,1.572835658150078,1.5963388906580556,398.0,1.5845872744040668,0.011751616253988859,0.11940246057156169,1.9659423239762661,completed,False,COMPLETE
209,0.0,2026-06-20 21:30:58.245690,2026-06-20 21:30:58.674915,0 days 00:00:00.429225,,,,,,,,,,,,,SVR,,,,11,5.0,6.0,90.0,,ExtraTrees,,,,0.013675519322901404,3.0,8.378500668924977,scale,poly,,,,,,,,,,,,,,,,,,,,,,,,,,,,,,,,,,,,,,,,,,,,,,SVR,"{'mode': 'proxy', 'type': 'ExtraTrees', 'n_estimators': 90, 'max_depth': 5, 'min_samples_split': 6}",11,"['nodes_T6W30', 'edges_T6W30', 're_T6W30', 'pe_T6W30', 'l1_T6W30', 'l2_T6W30', 'lsc_T6W30', 'atd_T6W30', 'density_T6W30', 'diameter_T6W30', 'asp_T6W30']",,,,,,,,,,,,,,,pruned,True,PRUNED
210,1.358193753558959,2026-06-20 21:30:58.685732,2026-06-20 21:31:05.567136,0 days 00:00:06.881404,,9.0,11.0,,,,,,,,,,DecisionTreeRegressor,,,,9,,,,,,,,,,,,,,True,-0.2939337120553791,-0.26771678644523556,398.0,-0.28082524925030733,0.013108462805071787,0.13318871884580946,1.9659423239762661,1.3433366896286303,1.3730508174892877,398.0,1.358193753558959,0.014857063930328627,0.1509554049255221,1.9659423239762661,364515262815117.44,428466051169188.44,398.0,396490656992152.94,31975394177035.5,324886437743208.1,1.9659423239762661,4.4192671401525425,4.598154875077207,398.0,4.508711007614875,0.08944386746233263,0.9087956607172313,1.9659423239762661,1.126724564340929,1.1666925408052746,398.0,1.1467085525731018,0.019983988232172876,0.20304759067882652,1.9659423239762661,399.0,0.9874686716791979,-0.5894180028041451,-0.5298480953343467,398.0,-0.5596330490692459,0.029784953734899176,0.30263043713241894,1.9659423239762661,DecisionTreeRegressor,"{'mode': 'original', 'type': 'DecisionTreeRegressor'}",9,"['edges_T6W30', 'pe_T6W30', 'l1_T6W30', 'l2_T6W30', 'lsc_T6W30', 'atd_T6W30', 'density_T6W30', 'diameter_T6W30', 'asp_T6W30']",0.04288967147565581,0.07067559475227919,398.0,0.0567826331139675,0.013892961638311692,0.1411596301638649,1.9659423239762661,1.7008333828742543,1.736328625072883,398.0,1.7185810039735687,0.017747621099314454,0.18032495128749795,1.9659423239762661,completed,True,COMPLETE
211,0.0,2026-06-20 21:31:05.585776,2026-06-20 21:31:06.020894,0 days 00:00:00.435118,,,,,,,,,,,,,SVR,,,,9,5.0,7.0,70.0,,ExtraTrees,,,,0.007794592388692838,,6.2587753086723446,scale,rbf,,,,,,,,,,,,,,,,,,,,,,,,,,,,,,,,,,,,,,,,,,,,,,SVR,"{'mode': 'proxy', 'type': 'ExtraTrees', 'n_estimators': 70, 'max_depth': 5, 'min_samples_split': 7}",9,"['nodes_T6W30', 'edges_T6W30', 're_T6W30', 'pe_T6W30', 'l2_T6W30', 'lsc_T6W30', 'atd_T6W30', 'density_T6W30', 'diameter_T6W30']",,,,,,,,,,,,,,,pruned,True,PRUNED
212,0.0,2026-06-20 21:31:06.031493,2026-06-20 21:31:06.510752,0 days 00:00:00.479259,,,,,,,,,,,,,SVR,,,,9,5.0,7.0,70.0,,ExtraTrees,,,,0.03107391194684822,,10.010956219542642,scale,rbf,,,,,,,,,,,,,,,,,,,,,,,,,,,,,,,,,,,,,,,,,,,,,,SVR,"{'mode': 'proxy', 'type': 'ExtraTrees', 'n_estimators': 70, 'max_depth': 5, 'min_samples_split': 7}",9,"['nodes_T6W30', 'edges_T6W30', 're_T6W30', 'pe_T6W30', 'l2_T6W30', 'lsc_T6W30', 'atd_T6W30', 'density_T6W30', 'diameter_T6W30']",,,,,,,,,,,,,,,pruned,True,PRUNED
213,0.0,2026-06-20 21:31:06.522000,2026-06-20 21:31:07.028228,0 days 00:00:00.506228,,,,,,,,,,,,,SVR,,,,9,5.0,7.0,80.0,,ExtraTrees,,,,0.010033224081537027,,4.923469630931082,scale,rbf,,,,,,,,,,,,,,,,,,,,,,,,,,,,,,,,,,,,,,,,,,,,,,SVR,"{'mode': 'proxy', 'type': 'ExtraTrees', 'n_estimators': 80, 'max_depth': 5, 'min_samples_split': 7}",9,"['nodes_T6W30', 'edges_T6W30', 're_T6W30', 'pe_T6W30', 'l2_T6W30', 'lsc_T6W30', 'atd_T6W30', 'density_T6W30', 'diameter_T6W30']",,,,,,,,,,,,,,,pruned,True,PRUNED
214,0.0,2026-06-20 21:31:07.038860,2026-06-20 21:31:07.616324,0 days 00:00:00.577464,,,,,,,,,,,,,SVR,,,,9,6.0,7.0,80.0,,ExtraTrees,,,,0.006301426484280301,,7.387231739801885,scale,rbf,,,,,,,,,,,,,,,,,,,,,,,,,,,,,,,,,,,,,,,,,,,,,,SVR,"{'mode': 'proxy', 'type': 'ExtraTrees', 'n_estimators': 80, 'max_depth': 6, 'min_samples_split': 7}",9,"['nodes_T6W30', 'edges_T6W30', 're_T6W30', 'pe_T6W30', 'l1_T6W30', 'l2_T6W30', 'lsc_T6W30', 'atd_T6W30', 'density_T6W30']",,,,,,,,,,,,,,,pruned,True,PRUNED
215,0.0,2026-06-20 21:31:07.627014,2026-06-20 21:31:08.112744,0 days 00:00:00.485730,,,,,,,,,,,,,SVR,,,,9,5.0,7.0,70.0,,ExtraTrees,,,,0.0162937108352169,,11.847457890247021,scale,rbf,,,,,,,,,,,,,,,,,,,,,,,,,,,,,,,,,,,,,,,,,,,,,,SVR,"{'mode': 'proxy', 'type': 'ExtraTrees', 'n_estimators': 70, 'max_depth': 5, 'min_samples_split': 7}",9,"['nodes_T6W30', 'edges_T6W30', 're_T6W30', 'pe_T6W30', 'l2_T6W30', 'lsc_T6W30', 'atd_T6W30', 'density_T6W30', 'diameter_T6W30']",,,,,,,,,,,,,,,pruned,True,PRUNED
216,0.0,2026-06-20 21:31:08.123492,2026-06-20 21:31:08.638298,0 days 00:00:00.514806,,,,,,,,,,,,,SVR,,,,9,5.0,7.0,80.0,,ExtraTrees,,,,0.0397701599390496,,3.3097953511400324,scale,rbf,,,,,,,,,,,,,,,,,,,,,,,,,,,,,,,,,,,,,,,,,,,,,,SVR,"{'mode': 'proxy', 'type': 'ExtraTrees', 'n_estimators': 80, 'max_depth': 5, 'min_samples_split': 7}",9,"['nodes_T6W30', 'edges_T6W30', 're_T6W30', 'pe_T6W30', 'l2_T6W30', 'lsc_T6W30', 'atd_T6W30', 'density_T6W30', 'diameter_T6W30']",,,,,,,,,,,,,,,pruned,True,PRUNED
217,1.1081454087557203,2026-06-20 21:31:08.648806,2026-06-20 21:32:06.380533,0 days 00:00:57.731727,,,,,,,,,,,,,RandomForestRegressor,3.0,4.0,141.0,10,,,,,,,,,,,,,,False,-0.048289041289889874,-0.04115406018144901,398.0,-0.04472155073566944,0.003567490554220432,0.036247537447892546,1.9659423239762661,1.101864180095415,1.1144266374160257,398.0,1.1081454087557203,0.006281228660305308,0.06382051125933394,1.9659423239762661,359790279538841.1,413884707527537.1,398.0,386837493533189.1,27047213994348.004,274813594379797.44,1.9659423239762661,3.248943943535262,3.31729729203471,398.0,3.283120617784986,0.034176674249724044,0.34725257457114816,1.9659423239762661,0.9752539616993751,0.9903386968353306,398.0,0.9827963292673528,0.007542367567977811,0.0766343306901306,1.9659423239762661,399.0,0.6466165413533834,-0.03760032891010458,-0.024895773757754806,398.0,-0.031248051333929692,0.006352277576174884,0.06454240475827198,1.9659423239762661,RandomForestRegressor,"{'mode': 'original', 'type': 'RandomForestRegressor'}",10,"['nodes_T6W30', 'edges_T6W30', 'pe_T6W30', 'l1_T6W30', 'l2_T6W30', 'l3_T6W30', 'lsc_T6W30', 'density_T6W30', 'diameter_T6W30', 'asp_T6W30']",0.06065308339632699,0.08477016090772173,398.0,0.07271162215202435,0.012058538755697368,0.12252095092358763,1.9659423239762661,1.3957492589096934,1.4116437125568957,398.0,1.4036964857332945,0.007947226823601104,0.08074790879392409,1.9659423239762661,completed,False,COMPLETE
218,0.0,2026-06-20 21:32:06.398694,2026-06-20 21:32:06.940603,0 days 00:00:00.541909,,,,,,,,,,,,,SVR,,,,9,4.0,8.0,80.0,,ExtraTrees,,,,0.05911744670271419,,4.495382559365943,scale,rbf,,,,,,,,,,,,,,,,,,,,,,,,,,,,,,,,,,,,,,,,,,,,,,SVR,"{'mode': 'proxy', 'type': 'ExtraTrees', 'n_estimators': 80, 'max_depth': 4, 'min_samples_split': 8}",9,"['nodes_T6W30', 'edges_T6W30', 're_T6W30', 'pe_T6W30', 'l1_T6W30', 'l2_T6W30', 'lsc_T6W30', 'atd_T6W30', 'density_T6W30']",,,,,,,,,,,,,,,pruned,True,PRUNED
219,0.0,2026-06-20 21:32:06.952404,2026-06-20 21:32:07.503960,0 days 00:00:00.551556,,,,,,,,,,,,,SVR,,,,8,6.0,7.0,90.0,,ExtraTrees,,,,0.011197086489139092,,9.155447730064546,scale,rbf,,,,,,,,,,,,,,,,,,,,,,,,,,,,,,,,,,,,,,,,,,,,,,SVR,"{'mode': 'proxy', 'type': 'ExtraTrees', 'n_estimators': 90, 'max_depth': 6, 'min_samples_split': 7}",8,"['nodes_T6W30', 'edges_T6W30', 're_T6W30', 'pe_T6W30', 'l1_T6W30', 'l2_T6W30', 'lsc_T6W30', 'atd_T6W30']",,,,,,,,,,,,,,,pruned,True,PRUNED
220,0.0,2026-06-20 21:32:07.514976,2026-06-20 21:32:08.101693,0 days 00:00:00.586717,,,,,,,,,,,,,SVR,,,,9,5.0,5.0,80.0,,ExtraTrees,,,,0.02111284731848943,,17.45813821726125,scale,rbf,,,,,,,,,,,,,,,,,,,,,,,,,,,,,,,,,,,,,,,,,,,,,,SVR,"{'mode': 'proxy', 'type': 'ExtraTrees', 'n_estimators': 80, 'max_depth': 5, 'min_samples_split': 5}",9,"['nodes_T6W30', 'edges_T6W30', 're_T6W30', 'pe_T6W30', 'l2_T6W30', 'lsc_T6W30', 'atd_T6W30', 'density_T6W30', 'diameter_T6W30']",,,,,,,,,,,,,,,pruned,True,PRUNED
221,0.0,2026-06-20 21:32:08.112300,2026-06-20 21:32:08.535265,0 days 00:00:00.422965,,,,,,,,,,,,,SVR,,,,10,5.0,7.0,80.0,,ExtraTrees,,,,0.04700818237027194,,5.975777200022838,scale,rbf,,,,,,,,,,,,,,,,,,,,,,,,,,,,,,,,,,,,,,,,,,,,,,SVR,"{'mode': 'proxy', 'type': 'ExtraTrees', 'n_estimators': 80, 'max_depth': 5, 'min_samples_split': 7}",10,"['nodes_T6W30', 'edges_T6W30', 're_T6W30', 'pe_T6W30', 'l1_T6W30', 'l2_T6W30', 'lsc_T6W30', 'atd_T6W30', 'density_T6W30', 'diameter_T6W30']",,,,,,,,,,,,,,,pruned,True,PRUNED
222,0.0,2026-06-20 21:32:08.546868,2026-06-20 21:32:08.965846,0 days 00:00:00.418978,,,,,,,,,,,,,SVR,,,,10,5.0,7.0,80.0,,ExtraTrees,,,,0.028750909605943425,,7.558184286184193,scale,rbf,,,,,,,,,,,,,,,,,,,,,,,,,,,,,,,,,,,,,,,,,,,,,,SVR,"{'mode': 'proxy', 'type': 'ExtraTrees', 'n_estimators': 80, 'max_depth': 5, 'min_samples_split': 7}",10,"['nodes_T6W30', 'edges_T6W30', 're_T6W30', 'pe_T6W30', 'l1_T6W30', 'l2_T6W30', 'lsc_T6W30', 'atd_T6W30', 'density_T6W30', 'diameter_T6W30']",,,,,,,,,,,,,,,pruned,True,PRUNED
223,0.0,2026-06-20 21:32:08.976217,2026-06-20 21:32:09.405224,0 days 00:00:00.429007,,,,,,,,,,,,,SVR,,,,10,5.0,7.0,80.0,,ExtraTrees,,,,0.07543651973903102,,5.685650546792848,scale,rbf,,,,,,,,,,,,,,,,,,,,,,,,,,,,,,,,,,,,,,,,,,,,,,SVR,"{'mode': 'proxy', 'type': 'ExtraTrees', 'n_estimators': 80, 'max_depth': 5, 'min_samples_split': 7}",10,"['nodes_T6W30', 'edges_T6W30', 're_T6W30', 'pe_T6W30', 'l1_T6W30', 'l2_T6W30', 'lsc_T6W30', 'atd_T6W30', 'density_T6W30', 'diameter_T6W30']",,,,,,,,,,,,,,,pruned,True,PRUNED
224,0.0,2026-06-20 21:32:09.415873,2026-06-20 21:32:10.014549,0 days 00:00:00.598676,,,,,,,,,,,,,SVR,,,,9,5.0,7.0,80.0,,ExtraTrees,,,,0.0359849347469362,,7.357709400856478,scale,rbf,,,,,,,,,,,,,,,,,,,,,,,,,,,,,,,,,,,,,,,,,,,,,,SVR,"{'mode': 'proxy', 'type': 'ExtraTrees', 'n_estimators': 80, 'max_depth': 5, 'min_samples_split': 7}",9,"['nodes_T6W30', 'edges_T6W30', 're_T6W30', 'pe_T6W30', 'l2_T6W30', 'lsc_T6W30', 'atd_T6W30', 'density_T6W30', 'diameter_T6W30']",,,,,,,,,,,,,,,pruned,True,PRUNED
225,1.1040034313220484,2026-06-20 21:32:10.025205,2026-06-20 21:33:41.727581,0 days 00:01:31.702376,,,,,,5.0,6.0,414.0,,,,,ExtraTreesRegressor,,,,11,,,,,,,,,,,,,,True,-0.04470261359894255,-0.03689716583342455,398.0,-0.04079988971618355,0.003902723882759,0.03965368035010934,1.9659423239762661,1.0974808555907587,1.110526007053338,398.0,1.1040034313220484,0.006522575731289749,0.06627272153445249,1.9659423239762661,347330789842371.2,399242301979692.3,398.0,373286545911031.75,25955756068660.547,263723820929002.56,1.9659423239762661,3.2794955772924346,3.339969253490301,398.0,3.309732415391368,0.03023683809893351,0.307221814504974,1.9659423239762661,0.9623075857298492,0.9783267634451728,398.0,0.970317174587511,0.00800958885766176,0.08138153910929134,1.9659423239762661,399.0,0.6215538847117794,-0.039649912566658806,-0.025205833750375474,398.0,-0.03242787315851714,0.007222039408141667,0.07337963196204599,1.9659423239762661,ExtraTreesRegressor,"{'mode': 'original', 'type': 'ExtraTreesRegressor'}",11,"['nodes_T6W30', 'edges_T6W30', 're_T6W30', 'pe_T6W30', 'l1_T6W30', 'l2_T6W30', 'lsc_T6W30', 'atd_T6W30', 'density_T6W30', 'diameter_T6W30', 'asp_T6W30']",0.07806117394754196,0.10320589447832697,398.0,0.09063353421293446,0.012572360265392508,0.12774164152700734,1.9659423239762661,1.396154516125616,1.412154209004972,398.0,1.404154362565294,0.007999846439678028,0.08128255113571967,1.9659423239762661,completed,True,COMPLETE
226,0.0,2026-06-20 21:33:41.746894,2026-06-20 21:33:42.253753,0 days 00:00:00.506859,,,,,,,,,,,,,SVR,,,,9,5.0,7.0,70.0,,ExtraTrees,,,,0.025214842588118107,,4.247395002805674,scale,rbf,,,,,,,,,,,,,,,,,,,,,,,,,,,,,,,,,,,,,,,,,,,,,,SVR,"{'mode': 'proxy', 'type': 'ExtraTrees', 'n_estimators': 70, 'max_depth': 5, 'min_samples_split': 7}",9,"['nodes_T6W30', 'edges_T6W30', 're_T6W30', 'pe_T6W30', 'l2_T6W30', 'lsc_T6W30', 'atd_T6W30', 'density_T6W30', 'diameter_T6W30']",,,,,,,,,,,,,,,pruned,True,PRUNED
227,1.1194644403430372,2026-06-20 21:33:42.264449,2026-06-20 21:33:48.739764,0 days 00:00:06.475315,,,,,,,,,,,,,Ridge,,,,10,,,,,,0.4012360141839484,svd,,,,,,,False,-0.059321521635840944,-0.05163814499526526,398.0,-0.055479833315553104,0.003841688320287843,0.03903352766779624,1.9659423239762661,1.1131239201462777,1.1258049605397966,398.0,1.1194644403430372,0.006340520196759381,0.06442294374101762,1.9659423239762661,364409416042357.5,418203113714464.5,398.0,391306264878411.0,26896848836053.48,273285807095345.9,1.9659423239762661,3.3853557053379224,3.4698245033232724,398.0,3.4275901043305974,0.04223439899267483,0.4291231990131356,1.9659423239762661,0.9681118237485655,0.9840227972752755,398.0,0.9760673105119205,0.007955486763354953,0.08083183402679985,1.9659423239762661,399.0,0.7894736842105263,-0.07304252740921886,-0.05678417670922574,398.0,-0.0649133520592223,0.008129175349996565,0.0825965993297143,1.9659423239762661,Ridge,"{'mode': 'original', 'type': 'Ridge'}",10,"['nodes_T6W30', 'pe_T6W30', 'l1_T6W30', 'l2_T6W30', 'l3_T6W30', 'lcc_T6W30', 'lsc_T6W30', 'atd_T6W30', 'diameter_T6W30', 'asp_T6W30']",0.015256328913914407,0.039532318598225695,398.0,0.027394323756070052,0.012137994842155645,0.12332826559634888,1.9659423239762661,1.4176506205736354,1.4339584903803553,398.0,1.4258045554769954,0.008153934903360001,0.08284816911640164,1.9659423239762661,completed,False,COMPLETE
228,0.0,2026-06-20 21:33:48.759012,2026-06-20 21:33:49.217747,0 days 00:00:00.458735,,,,,,,,,,,,,SVR,,,,9,3.0,6.0,80.0,,ExtraTrees,,,,0.01738221271451496,,11.496388347104295,scale,rbf,,,,,,,,,,,,,,,,,,,,,,,,,,,,,,,,,,,,,,,,,,,,,,SVR,"{'mode': 'proxy', 'type': 'ExtraTrees', 'n_estimators': 80, 'max_depth': 3, 'min_samples_split': 6}",9,"['nodes_T6W30', 'edges_T6W30', 're_T6W30', 'pe_T6W30', 'l1_T6W30', 'l2_T6W30', 'lsc_T6W30', 'atd_T6W30', 'density_T6W30']",,,,,,,,,,,,,,,pruned,True,PRUNED
229,0.0,2026-06-20 21:33:49.228333,2026-06-20 21:33:49.608834,0 days 00:00:00.380501,,,,,,,,,,,,,SVR,,,,12,5.0,7.0,80.0,,ExtraTrees,,,,0.013368265747500196,,9.004288758468181,scale,rbf,,,,,,,,,,,,,,,,,,,,,,,,,,,,,,,,,,,,,,,,,,,,,,SVR,"{'mode': 'proxy', 'type': 'ExtraTrees', 'n_estimators': 80, 'max_depth': 5, 'min_samples_split': 7}",12,"['nodes_T6W30', 'edges_T6W30', 're_T6W30', 'pe_T6W30', 'l1_T6W30', 'l2_T6W30', 'lcc_T6W30', 'lsc_T6W30', 'atd_T6W30', 'density_T6W30', 'diameter_T6W30', 'asp_T6W30']",,,,,,,,,,,,,,,pruned,True,PRUNED
230,0.0,2026-06-20 21:33:49.619461,2026-06-20 21:33:50.108267,0 days 00:00:00.488806,,,,,,,,,,,,,SVR,,,,9,4.0,7.0,90.0,,ExtraTrees,,,,0.03151160065219791,,5.308697044562512,scale,rbf,,,,,,,,,,,,,,,,,,,,,,,,,,,,,,,,,,,,,,,,,,,,,,SVR,"{'mode': 'proxy', 'type': 'ExtraTrees', 'n_estimators': 90, 'max_depth': 4, 'min_samples_split': 7}",9,"['nodes_T6W30', 'edges_T6W30', 're_T6W30', 'pe_T6W30', 'l1_T6W30', 'l2_T6W30', 'lsc_T6W30', 'atd_T6W30', 'density_T6W30']",,,,,,,,,,,,,,,pruned,True,PRUNED
231,0.0,2026-06-20 21:33:50.118831,2026-06-20 21:33:50.697278,0 days 00:00:00.578447,,,,,,,,,,,,,SVR,,,,7,4.0,7.0,90.0,,ExtraTrees,,,,0.020335880327805315,,19.902559930716112,scale,rbf,,,,,,,,,,,,,,,,,,,,,,,,,,,,,,,,,,,,,,,,,,,,,,SVR,"{'mode': 'proxy', 'type': 'ExtraTrees', 'n_estimators': 90, 'max_depth': 4, 'min_samples_split': 7}",7,"['nodes_T6W30', 'edges_T6W30', 're_T6W30', 'pe_T6W30', 'l2_T6W30', 'lsc_T6W30', 'density_T6W30']",,,,,,,,,,,,,,,pruned,True,PRUNED
232,0.0,2026-06-20 21:33:50.709059,2026-06-20 21:33:51.358282,0 days 00:00:00.649223,,,,,,,,,,,,,SVR,,,,7,4.0,7.0,90.0,,ExtraTrees,,,,0.009737713090105323,,15.555607189199016,scale,rbf,,,,,,,,,,,,,,,,,,,,,,,,,,,,,,,,,,,,,,,,,,,,,,SVR,"{'mode': 'proxy', 'type': 'ExtraTrees', 'n_estimators': 90, 'max_depth': 4, 'min_samples_split': 7}",7,"['nodes_T6W30', 'edges_T6W30', 're_T6W30', 'pe_T6W30', 'l2_T6W30', 'lsc_T6W30', 'density_T6W30']",,,,,,,,,,,,,,,pruned,True,PRUNED
233,0.0,2026-06-20 21:33:51.368894,2026-06-20 21:33:51.907330,0 days 00:00:00.538436,,,,,,,,,,,,,SVR,,,,8,5.0,7.0,80.0,,ExtraTrees,,,,0.024752760811877075,,7.094201833136611,scale,rbf,,,,,,,,,,,,,,,,,,,,,,,,,,,,,,,,,,,,,,,,,,,,,,SVR,"{'mode': 'proxy', 'type': 'ExtraTrees', 'n_estimators': 80, 'max_depth': 5, 'min_samples_split': 7}",8,"['nodes_T6W30', 'edges_T6W30', 're_T6W30', 'pe_T6W30', 'l2_T6W30', 'lsc_T6W30', 'atd_T6W30', 'density_T6W30']",,,,,,,,,,,,,,,pruned,True,PRUNED
234,1.151787680634307,2026-06-20 21:33:51.917799,2026-06-20 21:37:43.122727,0 days 00:03:51.204928,378.0,,,,,,,,,,,,BaggingRegressor,,,,10,5.0,7.0,80.0,,ExtraTrees,,,,,,,,,True,-0.09125367180693686,-0.08059384774499767,398.0,-0.08592375977596726,0.0053299120309695915,0.05415464540136968,1.9659423239762661,1.1441813746385874,1.1593939866300267,398.0,1.151787680634307,0.007606305995719684,0.07728397797544469,1.9659423239762661,361651061058978.56,417307438968130.06,398.0,389479250013554.3,27828188954575.73,282748701337048.2,1.9659423239762661,3.5361478940793045,3.642685432623697,398.0,3.589416663351501,0.05326876927219636,0.5412380718745917,1.9659423239762661,0.9632370423057881,0.9859746111665169,398.0,0.9746058267361525,0.0113687844303644,0.11551269249728996,1.9659423239762661,399.0,0.8295739348370927,-0.11262203723819289,-0.09121413887499602,398.0,-0.10191808805659446,0.010703949181598437,0.1087576246954106,1.9659423239762661,BaggingRegressor,"{'mode': 'proxy', 'type': 'ExtraTrees', 'n_estimators': 80, 'max_depth': 5, 'min_samples_split': 7}",10,"['nodes_T6W30', 'edges_T6W30', 're_T6W30', 'pe_T6W30', 'l1_T6W30', 'l2_T6W30', 'lsc_T6W30', 'atd_T6W30', 'density_T6W30', 'diameter_T6W30']",0.063319287951166,0.08767296245341454,398.0,0.07549612520229027,0.012176837251124265,0.12372292443349443,1.9659423239762661,1.440255457771958,1.4590852858853613,398.0,1.4496703718286597,0.009414914056701612,0.09566036536109494,1.9659423239762661,completed,True,COMPLETE
235,0.0,2026-06-20 21:37:43.142019,2026-06-20 21:37:43.661492,0 days 00:00:00.519473,,,,,,,,,,,,,SVR,,,,9,6.0,6.0,80.0,,ExtraTrees,,,,0.014917649936144644,,11.669549891176619,scale,rbf,,,,,,,,,,,,,,,,,,,,,,,,,,,,,,,,,,,,,,,,,,,,,,SVR,"{'mode': 'proxy', 'type': 'ExtraTrees', 'n_estimators': 80, 'max_depth': 6, 'min_samples_split': 6}",9,"['nodes_T6W30', 'edges_T6W30', 're_T6W30', 'pe_T6W30', 'l1_T6W30', 'l2_T6W30', 'lsc_T6W30', 'atd_T6W30', 'density_T6W30']",,,,,,,,,,,,,,,pruned,True,PRUNED
236,0.0,2026-06-20 21:37:43.672084,2026-06-20 21:37:43.948064,0 days 00:00:00.275980,,,,,,,,,,,,,SVR,,,,8,,,,0.0691202976739291,LinearSVC,,,,0.006036964043865529,,25.30088662111167,scale,rbf,,,,,,,,,,,,,,,,,,,,,,,,,,,,,,,,,,,,,,,,,,,,,,SVR,"{'mode': 'proxy', 'type': 'LinearSVC', 'C': 0.0691202976739291, 'epsilon': 25.30088662111167}",8,"['l2_T6W30', 'l3_T6W30', 'lcc_T6W30', 'lsc_T6W30', 'atd_T6W30', 'density_T6W30', 'diameter_T6W30', 'asp_T6W30']",,,,,,,,,,,,,,,pruned,True,PRUNED
237,0.0,2026-06-20 21:37:43.958471,2026-06-20 21:37:44.286191,0 days 00:00:00.327720,,,,,,,,,,,,,SVR,,,,9,,,,,,,,,0.0037843240013734386,,9.065221072620355,auto,linear,,,,,,,,,,,,,,,,,,,,,,,,,,,,,,,,,,,,,,,,,,,,,,SVR,"{'mode': 'original', 'type': 'SVR'}",9,"['l1_T6W30', 'l2_T6W30', 'l3_T6W30', 'lcc_T6W30', 'lsc_T6W30', 'atd_T6W30', 'density_T6W30', 'diameter_T6W30', 'asp_T6W30']",,,,,,,,,,,,,,,pruned,True,PRUNED
238,0.0,2026-06-20 21:37:44.296216,2026-06-20 21:37:44.768386,0 days 00:00:00.472170,,,,,,,,,,,,,SVR,,,,10,5.0,4.0,90.0,,ExtraTrees,,,,0.0454374371053358,,41.81939106802208,scale,rbf,,,,,,,,,,,,,,,,,,,,,,,,,,,,,,,,,,,,,,,,,,,,,,SVR,"{'mode': 'proxy', 'type': 'ExtraTrees', 'n_estimators': 90, 'max_depth': 5, 'min_samples_split': 4}",10,"['nodes_T6W30', 'edges_T6W30', 're_T6W30', 'pe_T6W30', 'l1_T6W30', 'l2_T6W30', 'lsc_T6W30', 'density_T6W30', 'diameter_T6W30', 'asp_T6W30']",,,,,,,,,,,,,,,pruned,True,PRUNED
239,-0.011540843033267094,2026-06-20 21:37:44.778883,2026-06-20 21:37:45.212982,0 days 00:00:00.434099,,,,,,,,,,,,,SVR,,,,9,7.0,7.0,60.0,,ExtraTrees,,,,0.0192463824488676,,2.9567290505182022,scale,rbf,,,,,,,,,,,,,,,,,,,,,,,,,,,,,,,,,,,,,,,,,,,,,,SVR,"{'mode': 'proxy', 'type': 'ExtraTrees', 'n_estimators': 60, 'max_depth': 7, 'min_samples_split': 7}",9,"['nodes_T6W30', 'edges_T6W30', 're_T6W30', 'pe_T6W30', 'l1_T6W30', 'l2_T6W30', 'lsc_T6W30', 'density_T6W30', 'diameter_T6W30']",,,,,,,,,,,,,,,pruned,True,PRUNED
240,1.451373531868888,2026-06-20 21:37:45.224121,2026-06-20 21:37:52.161731,0 days 00:00:06.937610,,,,,,,,,,minkowski,1.0,uniform,KNeighborsRegressor,,,,10,4.0,7.0,80.0,,ExtraTrees,,,,,,,,,,-0.38530612341070763,-0.3553469865499051,398.0,-0.37032655498030637,0.014979568430401278,0.15220011360419414,1.9659423239762661,1.4361936589524873,1.4665534047852888,398.0,1.451373531868888,0.015179872916400662,0.1542353101231181,1.9659423239762661,374355679609445.94,437438680466970.56,398.0,405897180038208.25,31541500428762.324,320477854272585.56,1.9659423239762661,4.936348911499559,5.098738807798686,398.0,5.017543859649122,0.08119494814956371,0.8249824011865209,1.9659423239762661,1.0326453121300336,1.0776303770930242,398.0,1.055137844611529,0.022492532481495343,0.2285356894516294,1.9659423239762661,399.0,0.9974937343358395,-0.9020510752545253,-0.8274404519353334,398.0,-0.8647457635949294,0.03730531165959589,0.37904113853554205,1.9659423239762661,KNeighborsRegressor,"{'mode': 'proxy', 'type': 'ExtraTrees', 'n_estimators': 80, 'max_depth': 4, 'min_samples_split': 7}",10,"['nodes_T6W30', 'edges_T6W30', 're_T6W30', 'pe_T6W30', 'l1_T6W30', 'l2_T6W30', 'lsc_T6W30', 'atd_T6W30', 'density_T6W30', 'diameter_T6W30']",0.08099210196873857,0.10796539696280535,398.0,0.09447874946577196,0.013486647497033388,0.1370312696741167,1.9659423239762661,1.858006397158459,1.893408229171996,398.0,1.8757073131652275,0.01770091600676839,0.17985040354438817,1.9659423239762661,completed,True,COMPLETE
241,0.0,2026-06-20 21:37:52.181135,2026-06-20 21:37:52.613813,0 days 00:00:00.432678,,,,,,,,,,,,,SVR,,,,9,5.0,7.0,70.0,,ExtraTrees,,,,0.0583959462169928,,3.8195491198981824,scale,rbf,,,,,,,,,,,,,,,,,,,,,,,,,,,,,,,,,,,,,,,,,,,,,,SVR,"{'mode': 'proxy', 'type': 'ExtraTrees', 'n_estimators': 70, 'max_depth': 5, 'min_samples_split': 7}",9,"['nodes_T6W30', 'edges_T6W30', 're_T6W30', 'pe_T6W30', 'l2_T6W30', 'lsc_T6W30', 'atd_T6W30', 'density_T6W30', 'diameter_T6W30']",,,,,,,,,,,,,,,pruned,True,PRUNED
242,0.0,2026-06-20 21:37:52.624308,2026-06-20 21:37:53.108943,0 days 00:00:00.484635,,,,,,,,,,,,,SVR,,,,9,5.0,7.0,70.0,,ExtraTrees,,,,0.03616939539581429,,6.200962383597109,scale,rbf,,,,,,,,,,,,,,,,,,,,,,,,,,,,,,,,,,,,,,,,,,,,,,SVR,"{'mode': 'proxy', 'type': 'ExtraTrees', 'n_estimators': 70, 'max_depth': 5, 'min_samples_split': 7}",9,"['nodes_T6W30', 'edges_T6W30', 're_T6W30', 'pe_T6W30', 'l2_T6W30', 'lsc_T6W30', 'atd_T6W30', 'density_T6W30', 'diameter_T6W30']",,,,,,,,,,,,,,,pruned,True,PRUNED
243,0.0,2026-06-20 21:37:53.119423,2026-06-20 21:37:53.590593,0 days 00:00:00.471170,,,,,,,,,,,,,SVR,,,,9,5.0,7.0,70.0,,ExtraTrees,,,,0.027323707630760783,,5.015761098070073,scale,rbf,,,,,,,,,,,,,,,,,,,,,,,,,,,,,,,,,,,,,,,,,,,,,,SVR,"{'mode': 'proxy', 'type': 'ExtraTrees', 'n_estimators': 70, 'max_depth': 5, 'min_samples_split': 7}",9,"['nodes_T6W30', 'edges_T6W30', 're_T6W30', 'pe_T6W30', 'l2_T6W30', 'lsc_T6W30', 'atd_T6W30', 'density_T6W30', 'diameter_T6W30']",,,,,,,,,,,,,,,pruned,True,PRUNED
244,0.0,2026-06-20 21:37:53.601383,2026-06-20 21:37:54.097229,0 days 00:00:00.495846,,,,,,,,,,,,,SVR,,,,9,5.0,7.0,80.0,,ExtraTrees,,,,0.012487530674121011,5.0,14.34408429001771,scale,poly,,,,,,,,,,,,,,,,,,,,,,,,,,,,,,,,,,,,,,,,,,,,,,SVR,"{'mode': 'proxy', 'type': 'ExtraTrees', 'n_estimators': 80, 'max_depth': 5, 'min_samples_split': 7}",9,"['nodes_T6W30', 'edges_T6W30', 're_T6W30', 'pe_T6W30', 'l2_T6W30', 'lsc_T6W30', 'atd_T6W30', 'density_T6W30', 'diameter_T6W30']",,,,,,,,,,,,,,,pruned,True,PRUNED
245,0.0,2026-06-20 21:37:54.107755,2026-06-20 21:37:54.598942,0 days 00:00:00.491187,,,,,,,,,,,,,SVR,,,,9,5.0,7.0,80.0,,ExtraTrees,,,,0.10114287622561682,,32.28578003208797,scale,rbf,,,,,,,,,,,,,,,,,,,,,,,,,,,,,,,,,,,,,,,,,,,,,,SVR,"{'mode': 'proxy', 'type': 'ExtraTrees', 'n_estimators': 80, 'max_depth': 5, 'min_samples_split': 7}",9,"['nodes_T6W30', 'edges_T6W30', 're_T6W30', 'pe_T6W30', 'l2_T6W30', 'lsc_T6W30', 'atd_T6W30', 'density_T6W30', 'diameter_T6W30']",,,,,,,,,,,,,,,pruned,True,PRUNED
246,0.0,2026-06-20 21:37:54.611010,2026-06-20 21:37:55.114381,0 days 00:00:00.503371,,,,,,,,,,,,,SVR,,,,9,5.0,7.0,80.0,,ExtraTrees,,,,0.02337554323826976,,8.475872174792787,scale,rbf,,,,,,,,,,,,,,,,,,,,,,,,,,,,,,,,,,,,,,,,,,,,,,SVR,"{'mode': 'proxy', 'type': 'ExtraTrees', 'n_estimators': 80, 'max_depth': 5, 'min_samples_split': 7}",9,"['nodes_T6W30', 'edges_T6W30', 're_T6W30', 'pe_T6W30', 'l2_T6W30', 'lsc_T6W30', 'atd_T6W30', 'density_T6W30', 'diameter_T6W30']",,,,,,,,,,,,,,,pruned,True,PRUNED
247,2.937539928252003,2026-06-20 21:37:55.125112,2026-06-20 21:38:52.883278,0 days 00:00:57.758166,,,,,,,,,1.674426288653519e-08,,,,GaussianProcessRegressor,,,,10,5.0,7.0,100.0,,ExtraTrees,,,,,,,,,,-1.7962138038436697,-1.759780116509695,398.0,-1.7779969601766823,0.018216843666987347,0.18509249371953002,1.9659423239762661,2.9320830845698187,2.942996771934187,398.0,2.937539928252003,0.005456843682184329,0.05544433621086208,1.9659423239762661,0.968656656599396,0.9726672413808487,398.0,0.9706619489901224,0.0020052923907263624,0.020374801256540773,1.9659423239762661,5.956296093430447,5.988566061958023,398.0,5.972431077694235,0.016134984263787597,0.1639397322666773,1.9659423239762661,3.0,3.0,398.0,3.0,0.0,0.0,1.9659423239762661,399.0,1.0,-4.623621847790447,-4.501170091240895,398.0,-4.562395969515671,0.06122587827477568,0.6220863886856178,1.9659423239762661,GaussianProcessRegressor,"{'mode': 'proxy', 'type': 'ExtraTrees', 'n_estimators': 100, 'max_depth': 5, 'min_samples_split': 7}",10,"['nodes_T6W30', 'edges_T6W30', 're_T6W30', 'pe_T6W30', 'l1_T6W30', 'l2_T6W30', 'lsc_T6W30', 'atd_T6W30', 'density_T6W30', 'diameter_T6W30']",0.07870903602691547,0.10259110968324849,398.0,0.09065007285508198,0.011941036828166513,0.12132707095287949,1.9659423239762661,3.2439416126991616,3.2522408562190503,398.0,3.248091234459106,0.004149621759944492,0.04216228966891998,1.9659423239762661,completed,True,COMPLETE
248,0.0,2026-06-20 21:38:52.905024,2026-06-20 21:38:53.373718,0 days 00:00:00.468694,,,,,,,,,,,,,SVR,,,,9,5.0,7.0,80.0,,ExtraTrees,,,,0.07766200219248262,,6.817333387709679,scale,rbf,,,,,,,,,,,,,,,,,,,,,,,,,,,,,,,,,,,,,,,,,,,,,,SVR,"{'mode': 'proxy', 'type': 'ExtraTrees', 'n_estimators': 80, 'max_depth': 5, 'min_samples_split': 7}",9,"['nodes_T6W30', 'edges_T6W30', 're_T6W30', 'pe_T6W30', 'l2_T6W30', 'lsc_T6W30', 'atd_T6W30', 'density_T6W30', 'diameter_T6W30']",,,,,,,,,,,,,,,pruned,True,PRUNED
249,0.0,2026-06-20 21:38:53.384314,2026-06-20 21:38:53.877684,0 days 00:00:00.493370,,,,,,,,,,,,,SVR,,,,9,6.0,7.0,70.0,,ExtraTrees,,,,0.04175297996216269,,10.994275282319085,scale,rbf,,,,,,,,,,,,,,,,,,,,,,,,,,,,,,,,,,,,,,,,,,,,,,SVR,"{'mode': 'proxy', 'type': 'ExtraTrees', 'n_estimators': 70, 'max_depth': 6, 'min_samples_split': 7}",9,"['nodes_T6W30', 'edges_T6W30', 're_T6W30', 'pe_T6W30', 'l1_T6W30', 'l2_T6W30', 'lsc_T6W30', 'atd_T6W30', 'density_T6W30']",,,,,,,,,,,,,,,pruned,True,PRUNED
250,1.1349440796008765,2026-06-20 21:38:53.888192,2026-06-20 21:39:00.119896,0 days 00:00:06.231704,,,,,,,,,,,,,LinearRegression,,,,10,,,,,,,,,,,,,,False,-0.0759403157905194,-0.06516740448705625,398.0,-0.07055386013878782,0.005386455651731573,0.05472915764740343,1.9659423239762661,1.128181656842166,1.141706502359587,398.0,1.1349440796008765,0.006762422758710457,0.06870969059605596,1.9659423239762661,341437064101926.94,392198937008225.06,398.0,366818000555076.0,25380936453149.05,257883358222132.34,1.9659423239762661,3.52075560326406,3.637146466192424,398.0,3.578951034728242,0.05819543146418218,0.5912954916723424,1.9659423239762661,0.992722621720934,1.0113758500565058,398.0,1.0020492358887199,0.009326614167785898,0.09476319311032873,1.9659423239762661,399.0,0.6791979949874687,-0.08200695038390152,-0.05761122837305466,398.0,-0.06980908937847809,0.012197861005423428,0.12393653658177403,1.9659423239762661,LinearRegression,"{'mode': 'original', 'type': 'LinearRegression'}",10,"['nodes_T6W30', 'edges_T6W30', 'pe_T6W30', 'l1_T6W30', 'l3_T6W30', 'lcc_T6W30', 'atd_T6W30', 'density_T6W30', 'diameter_T6W30', 'asp_T6W30']",0.09789982941227843,0.12250145387442371,398.0,0.11020064164335107,0.012300812231072634,0.12498257394341789,1.9659423239762661,1.4181750826454222,1.436021671920885,398.0,1.4270983772831536,0.00892329463773135,0.09066525940961477,1.9659423239762661,completed,False,COMPLETE
251,1.1005166177528025,2026-06-20 21:39:00.139883,2026-06-20 21:39:07.025724,0 days 00:00:06.885841,,,,,,,,,,,,,SVR,,,,8,5.0,8.0,80.0,,ExtraTrees,,,,0.02864081911789969,,2.86990208763097,scale,rbf,,-0.03791701378521513,-0.03660951765420993,398.0,-0.03726326571971253,0.0006537480655025963,0.0066424163219602084,1.9659423239762661,1.094904205357037,1.106129030148568,398.0,1.1005166177528025,0.005612412395765506,0.057024994291255064,1.9659423239762661,382262203083387.94,438495642457662.8,398.0,410378922770525.4,28116719687137.438,285680321862581.4,1.9659423239762661,3.060396161738673,3.078933675265592,398.0,3.0696649185021325,0.009268756763459623,0.09417533214809759,1.9659423239762661,1.0764839024756823,1.081460427655696,398.0,1.0789721650656892,0.002488262590006891,0.025282026690936522,1.9659423239762661,399.0,0.8947368421052632,-0.013840177969267238,-0.011614707434356764,398.0,-0.012727442701812001,0.0011127352674552378,0.011305962178080166,1.9659423239762661,SVR,"{'mode': 'proxy', 'type': 'ExtraTrees', 'n_estimators': 80, 'max_depth': 5, 'min_samples_split': 8}",8,"['nodes_T6W30', 'edges_T6W30', 're_T6W30', 'pe_T6W30', 'l1_T6W30', 'l2_T6W30', 'lsc_T6W30', 'atd_T6W30']",0.14601352374310111,0.16929160952326539,398.0,0.15765256663318325,0.011639042890082147,0.11825865734017922,1.9659423239762661,1.3844414215732896,1.4002535343114524,398.0,1.392347477942371,0.007906056369081394,0.08032959581754227,1.9659423239762661,completed,True,COMPLETE
252,1.2660742542631087,2026-06-20 21:39:07.043888,2026-06-20 21:39:51.422030,0 days 00:00:44.378142,,,,,,,,,,,,,StackingRegressor,,,,11,4.0,7.0,80.0,,ExtraTrees,,,ExtraTreesRegressor,,,,,,True,-0.20310242020950683,-0.18490028092340935,398.0,-0.1940013505664581,0.009101069643048748,0.09247154482638158,1.9659423239762661,1.2553068668109286,1.2768416417152888,398.0,1.2660742542631087,0.01076738745218004,0.10940219012693385,1.9659423239762661,360149599020459.0,415592061694875.6,398.0,387870830357667.3,27721231337208.31,281661956976568.7,1.9659423239762661,3.8371188702129686,3.9400741122431713,398.0,3.88859649122807,0.05147762101510125,0.523039085069434,1.9659423239762661,1.0418839780645337,1.0708478515094013,398.0,1.0563659147869675,0.014481936722433815,0.14714391970664617,1.9659423239762661,399.0,0.9624060150375939,-0.3382672639779035,-0.3010243455602629,398.0,-0.3196458047690832,0.018621459208820287,0.1892035955659633,1.9659423239762661,StackingRegressor,"{'mode': 'proxy', 'type': 'ExtraTrees', 'n_estimators': 80, 'max_depth': 4, 'min_samples_split': 7}",11,"['nodes_T6W30', 'edges_T6W30', 're_T6W30', 'pe_T6W30', 'l1_T6W30', 'l2_T6W30', 'lsc_T6W30', 'atd_T6W30', 'density_T6W30', 'diameter_T6W30', 'asp_T6W30']",-0.00512387591996963,0.02375285729690324,398.0,0.009314490688466806,0.014438366608436436,0.14670122495673,1.9659423239762661,1.571230052011494,1.5962461625215274,398.0,1.5837381072665107,0.012508055255016663,0.1270882695737367,1.9659423239762661,completed,True,COMPLETE
253,0.0,2026-06-20 21:39:51.441158,2026-06-20 21:39:51.976486,0 days 00:00:00.535328,,,,,,,,,,,,,SVR,,,,9,5.0,6.0,90.0,,ExtraTrees,,,,0.008856654417098504,,5.234877282916575,scale,rbf,,,,,,,,,,,,,,,,,,,,,,,,,,,,,,,,,,,,,,,,,,,,,,SVR,"{'mode': 'proxy', 'type': 'ExtraTrees', 'n_estimators': 90, 'max_depth': 5, 'min_samples_split': 6}",9,"['nodes_T6W30', 'edges_T6W30', 're_T6W30', 'pe_T6W30', 'l2_T6W30', 'lsc_T6W30', 'atd_T6W30', 'density_T6W30', 'diameter_T6W30']",,,,,,,,,,,,,,,pruned,True,PRUNED
254,-0.021860188713500282,2026-06-20 21:39:51.986929,2026-06-20 21:39:52.458903,0 days 00:00:00.471974,,,,,,,,,,,,,SVR,,,,9,5.0,7.0,70.0,,ExtraTrees,,,,0.12375727943281092,,0.10209012274278256,scale,rbf,,,,,,,,,,,,,,,,,,,,,,,,,,,,,,,,,,,,,,,,,,,,,,SVR,"{'mode': 'proxy', 'type': 'ExtraTrees', 'n_estimators': 70, 'max_depth': 5, 'min_samples_split': 7}",9,"['nodes_T6W30', 'edges_T6W30', 're_T6W30', 'pe_T6W30', 'l2_T6W30', 'lsc_T6W30', 'atd_T6W30', 'density_T6W30', 'diameter_T6W30']",,,,,,,,,,,,,,,pruned,True,PRUNED
255,0.0,2026-06-20 21:39:52.521490,2026-06-20 21:39:52.886349,0 days 00:00:00.364859,,,,,,,,,,,,,SVR,,,,10,5.0,7.0,50.0,,ExtraTrees,,,,0.016162458172227934,,8.879925104748308,scale,rbf,,,,,,,,,,,,,,,,,,,,,,,,,,,,,,,,,,,,,,,,,,,,,,SVR,"{'mode': 'proxy', 'type': 'ExtraTrees', 'n_estimators': 50, 'max_depth': 5, 'min_samples_split': 7}",10,"['edges_T6W30', 're_T6W30', 'pe_T6W30', 'l1_T6W30', 'l2_T6W30', 'lsc_T6W30', 'atd_T6W30', 'density_T6W30', 'diameter_T6W30', 'asp_T6W30']",,,,,,,,,,,,,,,pruned,True,PRUNED
256,1.3667556409846158,2026-06-20 21:39:52.896968,2026-06-20 21:39:59.653861,0 days 00:00:06.756893,,14.0,19.0,,,,,,,,,,DecisionTreeRegressor,,,,9,,,,,,,,,,,,,,False,-0.3008259786763515,-0.27753650351405157,398.0,-0.28918124109520155,0.011644737581149952,0.11831651832806332,1.9659423239762661,1.3536604953931528,1.3798507865760787,398.0,1.3667556409846158,0.013095145591462878,0.13305340911151475,1.9659423239762661,370134675129087.06,433626135561334.2,398.0,401880405345210.6,31745730216123.54,322552933870650.1,1.9659423239762661,4.402430104824186,4.576394355230381,398.0,4.489412230027283,0.08698212520309792,0.8837830942163597,1.9659423239762661,1.1271023877033297,1.1634705966434988,398.0,1.1452864921734143,0.018184104470084565,0.18475984665355713,1.9659423239762661,399.0,0.9899749373433584,-0.5933664926109078,-0.5388122301252268,398.0,-0.5660893613680673,0.027277131242840435,0.27714967178434347,1.9659423239762661,DecisionTreeRegressor,"{'mode': 'original', 'type': 'DecisionTreeRegressor'}",9,"['nodes_T6W30', 'edges_T6W30', 're_T6W30', 'pe_T6W30', 'l1_T6W30', 'l2_T6W30', 'lsc_T6W30', 'density_T6W30', 'asp_T6W30']",0.021597881210898444,0.048406683094496326,398.0,0.035002282152697385,0.013404400941798943,0.13619560240450224,1.9659423239762661,1.7069885741100852,1.7392443542338936,398.0,1.7231164641719894,0.016127890061904113,0.16386765152966445,1.9659423239762661,completed,False,COMPLETE
257,-0.013002817786108433,2026-06-20 21:39:59.672254,2026-06-20 21:40:00.192305,0 days 00:00:00.520051,,,,,,,,,,,,,SVR,,,,9,5.0,6.0,80.0,,ExtraTrees,,,,0.0491105922139794,,1.8861810174479052,scale,rbf,,,,,,,,,,,,,,,,,,,,,,,,,,,,,,,,,,,,,,,,,,,,,,SVR,"{'mode': 'proxy', 'type': 'ExtraTrees', 'n_estimators': 80, 'max_depth': 5, 'min_samples_split': 6}",9,"['nodes_T6W30', 'edges_T6W30', 're_T6W30', 'pe_T6W30', 'l2_T6W30', 'lsc_T6W30', 'atd_T6W30', 'density_T6W30', 'diameter_T6W30']",,,,,,,,,,,,,,,pruned,True,PRUNED
258,0.0,2026-06-20 21:40:00.203046,2026-06-20 21:40:00.674266,0 days 00:00:00.471220,,,,,,,,,,,,,SVR,,,,10,6.0,7.0,90.0,,ExtraTrees,,,,0.03545306411551839,,3.8472219848440234,scale,rbf,,,,,,,,,,,,,,,,,,,,,,,,,,,,,,,,,,,,,,,,,,,,,,SVR,"{'mode': 'proxy', 'type': 'ExtraTrees', 'n_estimators': 90, 'max_depth': 6, 'min_samples_split': 7}",10,"['nodes_T6W30', 'edges_T6W30', 're_T6W30', 'pe_T6W30', 'l1_T6W30', 'l2_T6W30', 'lsc_T6W30', 'atd_T6W30', 'density_T6W30', 'asp_T6W30']",,,,,,,,,,,,,,,pruned,True,PRUNED
259,1.1389342371902584,2026-06-20 21:40:00.685224,2026-06-20 21:40:30.387450,0 days 00:00:29.702226,,,,,,,,,,,,,RandomForestRegressor,6.0,7.0,58.0,9,,,,,,,,,,,,,,False,-0.07880116196057546,-0.06872183697315515,398.0,-0.0737614994668653,0.005039662493710163,0.051205560936773635,1.9659423239762661,1.1315251680148346,1.1463433063656823,398.0,1.1389342371902584,0.007409069175423807,0.07527995051661367,1.9659423239762661,362755811855163.25,418271046698172.4,398.0,390513429276667.8,27757617421504.574,282031658292680.3,1.9659423239762661,3.426590461796383,3.528950710817695,398.0,3.477770586307039,0.05118012451065589,0.5200163676938426,1.9659423239762661,0.9719695064055737,0.9933193108774804,398.0,0.982644408641527,0.01067490223595338,0.10846249279975063,1.9659423239762661,399.0,0.7694235588972431,-0.08958360158246406,-0.06953085991266472,398.0,-0.07955723074756439,0.010026370834899677,0.1018730804695573,1.9659423239762661,RandomForestRegressor,"{'mode': 'original', 'type': 'RandomForestRegressor'}",9,"['nodes_T6W30', 'edges_T6W30', 're_T6W30', 'pe_T6W30', 'l1_T6W30', 'l2_T6W30', 'lsc_T6W30', 'diameter_T6W30', 'asp_T6W30']",0.05950424014937441,0.08413038140098708,398.0,0.07181731077518075,0.012313070625806338,0.12510712553378867,1.9659423239762661,1.4259732398072444,1.4441941063284498,398.0,1.4350836730678471,0.009110433260602714,0.09256668399291242,1.9659423239762661,completed,False,COMPLETE
260,0.0,2026-06-20 21:40:30.477296,2026-06-20 21:40:30.930147,0 days 00:00:00.452851,,,,,,,,,,,,,SVR,,,,9,4.0,7.0,80.0,,ExtraTrees,,,,0.02003996695880389,,6.666664586390387,scale,rbf,,,,,,,,,,,,,,,,,,,,,,,,,,,,,,,,,,,,,,,,,,,,,,SVR,"{'mode': 'proxy', 'type': 'ExtraTrees', 'n_estimators': 80, 'max_depth': 4, 'min_samples_split': 7}",9,"['nodes_T6W30', 'edges_T6W30', 're_T6W30', 'pe_T6W30', 'l1_T6W30', 'l2_T6W30', 'lsc_T6W30', 'atd_T6W30', 'density_T6W30']",,,,,,,,,,,,,,,pruned,True,PRUNED
261,0.0,2026-06-20 21:40:30.940660,2026-06-20 21:40:31.540585,0 days 00:00:00.599925,,,,,,,,,,,,,SVR,,,,8,10.0,7.0,80.0,,ExtraTrees,,,,0.06262002082012348,,13.0516193779141,scale,rbf,,,,,,,,,,,,,,,,,,,,,,,,,,,,,,,,,,,,,,,,,,,,,,SVR,"{'mode': 'proxy', 'type': 'ExtraTrees', 'n_estimators': 80, 'max_depth': 10, 'min_samples_split': 7}",8,"['edges_T6W30', 're_T6W30', 'pe_T6W30', 'l1_T6W30', 'l2_T6W30', 'lsc_T6W30', 'density_T6W30', 'asp_T6W30']",,,,,,,,,,,,,,,pruned,True,PRUNED
262,0.0,2026-06-20 21:40:31.551120,2026-06-20 21:40:31.844962,0 days 00:00:00.293842,,,,,,,,,,,,,SVR,,,,10,,,,0.0040912159044791604,LinearSVC,,,,0.030822049485693528,,20.233553250486707,scale,rbf,,,,,,,,,,,,,,,,,,,,,,,,,,,,,,,,,,,,,,,,,,,,,,SVR,"{'mode': 'proxy', 'type': 'LinearSVC', 'C': 0.0040912159044791604, 'epsilon': 20.233553250486707}",10,"['pe_T6W30', 'l1_T6W30', 'l2_T6W30', 'l3_T6W30', 'lcc_T6W30', 'lsc_T6W30', 'atd_T6W30', 'density_T6W30', 'diameter_T6W30', 'asp_T6W30']",,,,,,,,,,,,,,,pruned,True,PRUNED
263,1.1602547790656152,2026-06-20 21:40:31.855496,2026-06-20 21:41:16.474064,0 days 00:00:44.618568,,,,,,16.0,4.0,146.0,,,,,ExtraTreesRegressor,,,,9,,,,,,,,,,,,,,True,-0.09989535559100693,-0.08803717384554363,398.0,-0.09396626471827528,0.005929090872731647,0.060242610365722885,1.9659423239762661,1.1522244967345847,1.1682850613966458,398.0,1.1602547790656152,0.008030282331030644,0.08159179543358018,1.9659423239762661,345411854575396.9,398853268822221.75,398.0,372132561698809.3,26720707123412.42,271496116771558.1,1.9659423239762661,3.613092254462322,3.7138586281016566,398.0,3.663475441281989,0.05038318681966724,0.5119190711884394,1.9659423239762661,0.9782479320091677,1.0005172711228512,398.0,0.9893826015660094,0.011134669556841677,0.11313396506517825,1.9659423239762661,399.0,0.8370927318295739,-0.12717240513813544,-0.10374637234601915,398.0,-0.1154593887420773,0.011713016396058148,0.11901026617761394,1.9659423239762661,ExtraTreesRegressor,"{'mode': 'original', 'type': 'ExtraTreesRegressor'}",9,"['nodes_T6W30', 'edges_T6W30', 're_T6W30', 'pe_T6W30', 'l1_T6W30', 'l2_T6W30', 'lsc_T6W30', 'diameter_T6W30', 'asp_T6W30']",0.06969602185422132,0.09428084211098563,398.0,0.08198843198260347,0.012292410128382154,0.12489720426204508,1.9659423239762661,1.4484261606506506,1.4677472909811153,398.0,1.458086725815883,0.00966056516523245,0.09815630686963066,1.9659423239762661,completed,True,COMPLETE
264,0.0,2026-06-20 21:41:16.493639,2026-06-20 21:41:17.047722,0 days 00:00:00.554083,,,,,,,,,,,,,SVR,,,,9,6.0,6.0,90.0,,ExtraTrees,,,,3.2912382333574084,,10.526772611049394,scale,rbf,,,,,,,,,,,,,,,,,,,,,,,,,,,,,,,,,,,,,,,,,,,,,,SVR,"{'mode': 'proxy', 'type': 'ExtraTrees', 'n_estimators': 90, 'max_depth': 6, 'min_samples_split': 6}",9,"['nodes_T6W30', 'edges_T6W30', 're_T6W30', 'pe_T6W30', 'l1_T6W30', 'l2_T6W30', 'lsc_T6W30', 'density_T6W30', 'asp_T6W30']",,,,,,,,,,,,,,,pruned,True,PRUNED
265,0.0,2026-06-20 21:41:17.058523,2026-06-20 21:41:17.614450,0 days 00:00:00.555927,,,,,,,,,,,,,SVR,,,,8,5.0,7.0,80.0,,ExtraTrees,,,,0.023716124456485823,,4.611926494827396,auto,rbf,,,,,,,,,,,,,,,,,,,,,,,,,,,,,,,,,,,,,,,,,,,,,,SVR,"{'mode': 'proxy', 'type': 'ExtraTrees', 'n_estimators': 80, 'max_depth': 5, 'min_samples_split': 7}",8,"['nodes_T6W30', 'edges_T6W30', 're_T6W30', 'pe_T6W30', 'l2_T6W30', 'lsc_T6W30', 'atd_T6W30', 'density_T6W30']",,,,,,,,,,,,,,,pruned,True,PRUNED
266,0.0,2026-06-20 21:41:17.626282,2026-06-20 21:41:18.042555,0 days 00:00:00.416273,,,,,,,,,,,,,SVR,,,,11,5.0,7.0,80.0,,ExtraTrees,,,,0.012590580264693695,,7.79634659645886,scale,rbf,,,,,,,,,,,,,,,,,,,,,,,,,,,,,,,,,,,,,,,,,,,,,,SVR,"{'mode': 'proxy', 'type': 'ExtraTrees', 'n_estimators': 80, 'max_depth': 5, 'min_samples_split': 7}",11,"['nodes_T6W30', 'edges_T6W30', 're_T6W30', 'pe_T6W30', 'l1_T6W30', 'l2_T6W30', 'lsc_T6W30', 'atd_T6W30', 'density_T6W30', 'diameter_T6W30', 'asp_T6W30']",,,,,,,,,,,,,,,pruned,True,PRUNED
267,0.0,2026-06-20 21:41:18.052908,2026-06-20 21:41:18.550321,0 days 00:00:00.497413,,,,,,,,,,,,,SVR,,,,9,5.0,8.0,80.0,,ExtraTrees,,,,0.16397508627496565,,15.63284350023869,scale,rbf,,,,,,,,,,,,,,,,,,,,,,,,,,,,,,,,,,,,,,,,,,,,,,SVR,"{'mode': 'proxy', 'type': 'ExtraTrees', 'n_estimators': 80, 'max_depth': 5, 'min_samples_split': 8}",9,"['nodes_T6W30', 'edges_T6W30', 're_T6W30', 'pe_T6W30', 'l1_T6W30', 'l2_T6W30', 'lsc_T6W30', 'atd_T6W30', 'density_T6W30']",,,,,,,,,,,,,,,pruned,True,PRUNED
268,1.1165597182390923,2026-06-20 21:41:18.561116,2026-06-20 21:41:25.387867,0 days 00:00:06.826751,,,,,,,,,,,,,Ridge,,,,10,,,,,,0.7275840292503902,auto,,,,,,,False,-0.056413579632174894,-0.04903356461532642,398.0,-0.05272357212375066,0.003690007508424238,0.03749237266693761,1.9659423239762661,1.1102975339249794,1.1228219025532051,398.0,1.1165597182390923,0.006262184314112949,0.06362701091468369,1.9659423239762661,364545148049469.44,418353220751895.56,398.0,391449184400682.5,26904036351213.035,273358835943199.44,1.9659423239762661,3.35937462752977,3.4359335192075338,398.0,3.3976540733686518,0.03827944583888183,0.3889388424274743,1.9659423239762661,0.9676465537071919,0.9831152504689029,398.0,0.9753809020880474,0.007734348380855552,0.07858495441240798,1.9659423239762661,399.0,0.7844611528822055,-0.06725786660947587,-0.052029496476332704,398.0,-0.05964368154290429,0.007614185066571587,0.0773640333845392,1.9659423239762661,Ridge,"{'mode': 'original', 'type': 'Ridge'}",10,"['nodes_T6W30', 'pe_T6W30', 'l1_T6W30', 'l2_T6W30', 'l3_T6W30', 'lcc_T6W30', 'lsc_T6W30', 'atd_T6W30', 'diameter_T6W30', 'asp_T6W30']",0.01682579030677704,0.041192449530245034,398.0,0.029009119918511038,0.012183329611733995,0.12378889015386559,1.9659423239762661,1.4144201381082881,1.430425241346823,398.0,1.4224226897275556,0.008002551619267348,0.08131003715060237,1.9659423239762661,completed,False,COMPLETE
269,0.0,2026-06-20 21:41:25.406415,2026-06-20 21:41:25.932166,0 days 00:00:00.525751,,,,,,,,,,,,,SVR,,,,9,5.0,7.0,80.0,,ExtraTrees,,,,0.018441260384369437,,5.5557613308740486,scale,rbf,,,,,,,,,,,,,,,,,,,,,,,,,,,,,,,,,,,,,,,,,,,,,,SVR,"{'mode': 'proxy', 'type': 'ExtraTrees', 'n_estimators': 80, 'max_depth': 5, 'min_samples_split': 7}",9,"['nodes_T6W30', 'edges_T6W30', 're_T6W30', 'pe_T6W30', 'l2_T6W30', 'lsc_T6W30', 'atd_T6W30', 'density_T6W30', 'diameter_T6W30']",,,,,,,,,,,,,,,pruned,True,PRUNED
270,1.1315384607544499,2026-06-20 21:41:25.942827,2026-06-20 21:41:32.457509,0 days 00:00:06.514682,,,,,,,,,,,,,SVR,,,,9,,,,,,,,,0.03592356623301627,,2.2874341976090267,scale,linear,,-0.06939096758926089,-0.06356130148609185,398.0,-0.06647613453767637,0.0029148330515845265,0.029616201805123733,1.9659423239762661,1.1249859836002922,1.1380909379086075,398.0,1.1315384607544499,0.00655247715415759,0.06657653535783181,1.9659423239762661,394787423212329.3,453419858664311.44,398.0,424103640938320.4,29316217725991.04,297867838387490.75,1.9659423239762661,3.1999326416614764,3.256738987439819,398.0,3.2283358145506478,0.028403172889171206,0.28859083361025906,1.9659423239762661,0.9989869641490419,1.0166050058986182,398.0,1.00779598502383,0.008809020874788161,0.08950417925014678,1.9659423239762661,399.0,0.7869674185463659,-0.046543096982205615,-0.03617336914992805,398.0,-0.041358233066066834,0.005184863916138783,0.05268088201106272,1.9659423239762661,SVR,"{'mode': 'original', 'type': 'SVR'}",9,"['nodes_T6W30', 'edges_T6W30', 're_T6W30', 'pe_T6W30', 'l1_T6W30', 'l3_T6W30', 'lsc_T6W30', 'diameter_T6W30', 'asp_T6W30']",0.07129266672344087,0.09574494775350323,398.0,0.08351880723847205,0.012226140515031179,0.12422387093289161,1.9659423239762661,1.4028665932878375,1.4197437020146277,398.0,1.4113051476512326,0.008438554363395065,0.08574004910296948,1.9659423239762661,completed,True,COMPLETE
271,1.152965497825654,2026-06-20 21:41:32.476367,2026-06-20 21:43:24.393195,0 days 00:01:51.916828,177.0,,,,,,,,,,,,BaggingRegressor,,,,10,5.0,7.0,90.0,,ExtraTrees,,,,,,,,,True,-0.09240947234837217,-0.08167832614186794,398.0,-0.08704389924512006,0.005365573103252108,0.054516980222820935,1.9659423239762661,1.1453413190683606,1.1605896765829475,398.0,1.152965497825654,0.007624178757293536,0.07746557441826611,1.9659423239762661,361482374678130.75,417146797998531.5,398.0,389314586338331.1,27832211660200.383,282789574093557.4,1.9659423239762661,3.537951926598051,3.6440992465325146,398.0,3.5910255865652827,0.05307365996723178,0.5392556610649067,1.9659423239762661,0.9667325392399586,0.9895706481069393,398.0,0.978151593673449,0.011419054433490367,0.11602346156398266,1.9659423239762661,399.0,0.8320802005012531,-0.11421749413923908,-0.0927907297138759,398.0,-0.1035041119265575,0.010713382212681585,0.10885346913907115,1.9659423239762661,BaggingRegressor,"{'mode': 'proxy', 'type': 'ExtraTrees', 'n_estimators': 90, 'max_depth': 5, 'min_samples_split': 7}",10,"['nodes_T6W30', 'edges_T6W30', 're_T6W30', 'pe_T6W30', 'l1_T6W30', 'l2_T6W30', 'lsc_T6W30', 'atd_T6W30', 'density_T6W30', 'diameter_T6W30']",0.062357774352779824,0.08670432281644021,398.0,0.07453104858461002,0.012173274231830192,0.12368672232634753,1.9659423239762661,1.441301700400606,1.460116151812352,398.0,1.450708926106479,0.009407225705873018,0.09558224776545274,1.9659423239762661,completed,True,COMPLETE
272,0.0,2026-06-20 21:43:24.411639,2026-06-20 21:43:24.945251,0 days 00:00:00.533612,,,,,,,,,,,,,SVR,,,,9,6.0,7.0,80.0,,ExtraTrees,,,,0.005460999542373284,,6.952655771837607,scale,rbf,,,,,,,,,,,,,,,,,,,,,,,,,,,,,,,,,,,,,,,,,,,,,,SVR,"{'mode': 'proxy', 'type': 'ExtraTrees', 'n_estimators': 80, 'max_depth': 6, 'min_samples_split': 7}",9,"['nodes_T6W30', 'edges_T6W30', 're_T6W30', 'pe_T6W30', 'l1_T6W30', 'l2_T6W30', 'lsc_T6W30', 'atd_T6W30', 'density_T6W30']",,,,,,,,,,,,,,,pruned,True,PRUNED
273,0.0,2026-06-20 21:43:24.956076,2026-06-20 21:43:25.412054,0 days 00:00:00.455978,,,,,,,,,,,,,SVR,,,,9,4.0,7.0,70.0,,ExtraTrees,,,,0.05096822456318487,,9.606635449594593,scale,rbf,,,,,,,,,,,,,,,,,,,,,,,,,,,,,,,,,,,,,,,,,,,,,,SVR,"{'mode': 'proxy', 'type': 'ExtraTrees', 'n_estimators': 70, 'max_depth': 4, 'min_samples_split': 7}",9,"['nodes_T6W30', 'edges_T6W30', 're_T6W30', 'pe_T6W30', 'l1_T6W30', 'l2_T6W30', 'lsc_T6W30', 'atd_T6W30', 'density_T6W30']",,,,,,,,,,,,,,,pruned,True,PRUNED
274,0.0,2026-06-20 21:43:25.423494,2026-06-20 21:43:26.073932,0 days 00:00:00.650438,,,,,,,,,,,,,SVR,,,,8,5.0,7.0,80.0,,ExtraTrees,,,,0.026357222957582558,,3.5850846012972424,scale,rbf,,,,,,,,,,,,,,,,,,,,,,,,,,,,,,,,,,,,,,,,,,,,,,SVR,"{'mode': 'proxy', 'type': 'ExtraTrees', 'n_estimators': 80, 'max_depth': 5, 'min_samples_split': 7}",8,"['nodes_T6W30', 'edges_T6W30', 're_T6W30', 'pe_T6W30', 'l2_T6W30', 'lsc_T6W30', 'atd_T6W30', 'density_T6W30']",,,,,,,,,,,,,,,pruned,True,PRUNED
275,0.0,2026-06-20 21:43:26.084473,2026-06-20 21:43:26.486229,0 days 00:00:00.401756,,,,,,,,,,,,,SVR,,,,10,5.0,7.0,70.0,,ExtraTrees,,,,0.01104406079539357,,6.10873362741024,scale,rbf,,,,,,,,,,,,,,,,,,,,,,,,,,,,,,,,,,,,,,,,,,,,,,SVR,"{'mode': 'proxy', 'type': 'ExtraTrees', 'n_estimators': 70, 'max_depth': 5, 'min_samples_split': 7}",10,"['nodes_T6W30', 'edges_T6W30', 're_T6W30', 'pe_T6W30', 'l1_T6W30', 'l2_T6W30', 'lsc_T6W30', 'atd_T6W30', 'density_T6W30', 'diameter_T6W30']",,,,,,,,,,,,,,,pruned,True,PRUNED
276,1.1839550164668733,2026-06-20 21:43:26.496706,2026-06-20 21:43:33.293191,0 days 00:00:06.796485,,,,,,,,,,manhattan,6.0,distance,KNeighborsRegressor,,,,11,5.0,6.0,90.0,,ExtraTrees,,,,,,,,,,-0.12284505996356661,-0.1094959626835816,398.0,-0.1161705113235741,0.006674548639992505,0.06781684438931232,1.9659423239762661,1.1750595475049492,1.1928504854287973,398.0,1.1839550164668733,0.008895468961924113,0.09038253624314625,1.9659423239762661,372764821484802.1,429313070494158.4,398.0,401038945989480.25,28274124504678.105,287279635702819.6,1.9659423239762661,3.6861215811095773,3.773381881018726,398.0,3.7297517310641517,0.04363014995457422,0.4433047460951673,1.9659423239762661,1.0052238031523464,1.0299573994032043,398.0,1.0175906012777753,0.012366798125428888,0.12565302454177513,1.9659423239762661,399.0,0.8671679197994987,-0.16355281457693796,-0.13766111419828822,398.0,-0.1506069643876131,0.01294585018932488,0.13153649109938625,1.9659423239762661,KNeighborsRegressor,"{'mode': 'proxy', 'type': 'ExtraTrees', 'n_estimators': 90, 'max_depth': 5, 'min_samples_split': 6}",11,"['nodes_T6W30', 'edges_T6W30', 're_T6W30', 'pe_T6W30', 'l1_T6W30', 'l2_T6W30', 'lsc_T6W30', 'atd_T6W30', 'density_T6W30', 'diameter_T6W30', 'asp_T6W30']",0.07398306833308343,0.10023008972116176,398.0,0.0871065790271226,0.013123510694039161,0.13334161313118084,1.9659423239762661,1.470182393699039,1.4912983032779006,398.0,1.4807403484884698,0.01055795478943077,0.10727424664104705,1.9659423239762661,completed,True,COMPLETE
277,0.0,2026-06-20 21:43:33.311569,2026-06-20 21:43:33.835291,0 days 00:00:00.523722,,,,,,,,,,,,,SVR,,,,9,7.0,7.0,80.0,,ExtraTrees,,,,0.016015952645091664,3.0,11.876773280202196,scale,poly,,,,,,,,,,,,,,,,,,,,,,,,,,,,,,,,,,,,,,,,,,,,,,SVR,"{'mode': 'proxy', 'type': 'ExtraTrees', 'n_estimators': 80, 'max_depth': 7, 'min_samples_split': 7}",9,"['nodes_T6W30', 'edges_T6W30', 're_T6W30', 'pe_T6W30', 'l1_T6W30', 'l2_T6W30', 'lsc_T6W30', 'density_T6W30', 'diameter_T6W30']",,,,,,,,,,,,,,,pruned,True,PRUNED
278,0.0,2026-06-20 21:43:33.845860,2026-06-20 21:43:34.343931,0 days 00:00:00.498071,,,,,,,,,,,,,SVR,,,,9,4.0,7.0,80.0,,ExtraTrees,,,,0.0804590938760263,,4.5916728494930625,scale,rbf,,,,,,,,,,,,,,,,,,,,,,,,,,,,,,,,,,,,,,,,,,,,,,SVR,"{'mode': 'proxy', 'type': 'ExtraTrees', 'n_estimators': 80, 'max_depth': 4, 'min_samples_split': 7}",9,"['nodes_T6W30', 'edges_T6W30', 're_T6W30', 'pe_T6W30', 'l1_T6W30', 'l2_T6W30', 'lsc_T6W30', 'atd_T6W30', 'density_T6W30']",,,,,,,,,,,,,,,pruned,True,PRUNED
279,2.937539928252003,2026-06-20 21:43:34.355936,2026-06-20 21:44:31.780792,0 days 00:00:57.424856,,,,,,,,,0.0008020632117149223,,,,GaussianProcessRegressor,,,,10,5.0,7.0,80.0,,ExtraTrees,,,,,,,,,,-1.7962138038436697,-1.759780116509695,398.0,-1.7779969601766823,0.018216843666987347,0.18509249371953002,1.9659423239762661,2.9320830845698187,2.942996771934187,398.0,2.937539928252003,0.005456843682184329,0.05544433621086208,1.9659423239762661,0.968656656599396,0.9726672413808487,398.0,0.9706619489901224,0.0020052923907263624,0.020374801256540773,1.9659423239762661,5.956296093430447,5.988566061958023,398.0,5.972431077694235,0.016134984263787597,0.1639397322666773,1.9659423239762661,3.0,3.0,398.0,3.0,0.0,0.0,1.9659423239762661,399.0,1.0,-4.623621847790447,-4.501170091240895,398.0,-4.562395969515671,0.06122587827477568,0.6220863886856178,1.9659423239762661,GaussianProcessRegressor,"{'mode': 'proxy', 'type': 'ExtraTrees', 'n_estimators': 80, 'max_depth': 5, 'min_samples_split': 7}",10,"['nodes_T6W30', 'edges_T6W30', 're_T6W30', 'pe_T6W30', 'l1_T6W30', 'l2_T6W30', 'lsc_T6W30', 'atd_T6W30', 'density_T6W30', 'diameter_T6W30']",0.07797700407568046,0.10185585270268364,398.0,0.08991642838918205,0.011939424313501592,0.1213106869751748,1.9659423239762661,3.2439416126991616,3.2522408562190503,398.0,3.248091234459106,0.004149621759944492,0.04216228966891998,1.9659423239762661,completed,True,COMPLETE
280,0.0,2026-06-20 21:44:31.799021,2026-06-20 21:44:32.252297,0 days 00:00:00.453276,,,,,,,,,,,,,SVR,,,,9,3.0,7.0,70.0,,ExtraTrees,,,,0.041716596722600356,,8.339946142629584,scale,rbf,,,,,,,,,,,,,,,,,,,,,,,,,,,,,,,,,,,,,,,,,,,,,,SVR,"{'mode': 'proxy', 'type': 'ExtraTrees', 'n_estimators': 70, 'max_depth': 3, 'min_samples_split': 7}",9,"['nodes_T6W30', 'edges_T6W30', 're_T6W30', 'pe_T6W30', 'l1_T6W30', 'l2_T6W30', 'lsc_T6W30', 'atd_T6W30', 'density_T6W30']",,,,,,,,,,,,,,,pruned,True,PRUNED
281,0.0,2026-06-20 21:44:32.263035,2026-06-20 21:44:32.744870,0 days 00:00:00.481835,,,,,,,,,,,,,SVR,,,,9,5.0,7.0,80.0,,ExtraTrees,,,,0.008025076895537171,,16.69070345040857,scale,rbf,,,,,,,,,,,,,,,,,,,,,,,,,,,,,,,,,,,,,,,,,,,,,,SVR,"{'mode': 'proxy', 'type': 'ExtraTrees', 'n_estimators': 80, 'max_depth': 5, 'min_samples_split': 7}",9,"['nodes_T6W30', 'edges_T6W30', 're_T6W30', 'pe_T6W30', 'l2_T6W30', 'lsc_T6W30', 'atd_T6W30', 'density_T6W30', 'diameter_T6W30']",,,,,,,,,,,,,,,pruned,True,PRUNED
282,0.0,2026-06-20 21:44:32.755390,2026-06-20 21:44:33.384521,0 days 00:00:00.629131,,,,,,,,,,,,,SVR,,,,8,6.0,6.0,100.0,,ExtraTrees,,,,0.022553552496176625,,5.927785383376348,scale,rbf,,,,,,,,,,,,,,,,,,,,,,,,,,,,,,,,,,,,,,,,,,,,,,SVR,"{'mode': 'proxy', 'type': 'ExtraTrees', 'n_estimators': 100, 'max_depth': 6, 'min_samples_split': 6}",8,"['edges_T6W30', 're_T6W30', 'pe_T6W30', 'l1_T6W30', 'l2_T6W30', 'lsc_T6W30', 'atd_T6W30', 'density_T6W30']",,,,,,,,,,,,,,,pruned,True,PRUNED
283,1.128566809307517,2026-06-20 21:44:33.395109,2026-06-20 21:44:39.722811,0 days 00:00:06.327702,,,,,,,,,,,,,LinearRegression,,,,9,,,,,,,,,,,,,,True,-0.0697292593575271,-0.05933159173369579,398.0,-0.06453042554561145,0.005198833811915661,0.05282282333161268,1.9659423239762661,1.121977930184607,1.135155688430427,398.0,1.128566809307517,0.006588879122910104,0.06694639806818231,1.9659423239762661,339340337539519.7,389694258364101.56,398.0,364517297951810.6,25176960412290.957,255810856818945.8,1.9659423239762661,3.485571515038613,3.599653797050526,398.0,3.5426126560445694,0.057041141005956725,0.5795673073998503,1.9659423239762661,0.9935627908973472,1.0114591488164375,398.0,1.0025109698568924,0.008948178959545125,0.09091809690787897,1.9659423239762661,399.0,0.6340852130325815,-0.06875367084657796,-0.0457156199608542,398.0,-0.05723464540371608,0.01151902544286188,0.11703921839664212,1.9659423239762661,LinearRegression,"{'mode': 'original', 'type': 'LinearRegression'}",9,"['nodes_T6W30', 'edges_T6W30', 'pe_T6W30', 'l1_T6W30', 'lcc_T6W30', 'atd_T6W30', 'density_T6W30', 'diameter_T6W30', 'asp_T6W30']",0.10947381503720373,0.1334522157810296,398.0,0.12146301540911666,0.011989200371912931,0.12181643730971711,1.9659423239762661,1.4102709520505892,1.4276281678769798,398.0,1.4189495599637845,0.008678607913195345,0.08817911653808609,1.9659423239762661,completed,True,COMPLETE
284,0.0,2026-06-20 21:44:39.741197,2026-06-20 21:44:40.139727,0 days 00:00:00.398530,,,,,,,,,,,,,SVR,,,,12,5.0,8.0,90.0,,ExtraTrees,,,,0.02798505502411669,,7.886467592409329,scale,rbf,,,,,,,,,,,,,,,,,,,,,,,,,,,,,,,,,,,,,,,,,,,,,,SVR,"{'mode': 'proxy', 'type': 'ExtraTrees', 'n_estimators': 90, 'max_depth': 5, 'min_samples_split': 8}",12,"['nodes_T6W30', 'edges_T6W30', 're_T6W30', 'pe_T6W30', 'l1_T6W30', 'l2_T6W30', 'lcc_T6W30', 'lsc_T6W30', 'atd_T6W30', 'density_T6W30', 'diameter_T6W30', 'asp_T6W30']",,,,,,,,,,,,,,,pruned,True,PRUNED
285,0.0,2026-06-20 21:44:40.150546,2026-06-20 21:44:40.581505,0 days 00:00:00.430959,,,,,,,,,,,,,SVR,,,,10,5.0,7.0,80.0,,ExtraTrees,,,,0.033889055857690954,,22.38277834853387,scale,rbf,,,,,,,,,,,,,,,,,,,,,,,,,,,,,,,,,,,,,,,,,,,,,,SVR,"{'mode': 'proxy', 'type': 'ExtraTrees', 'n_estimators': 80, 'max_depth': 5, 'min_samples_split': 7}",10,"['nodes_T6W30', 'edges_T6W30', 're_T6W30', 'pe_T6W30', 'l1_T6W30', 'l2_T6W30', 'lsc_T6W30', 'atd_T6W30', 'density_T6W30', 'diameter_T6W30']",,,,,,,,,,,,,,,pruned,True,PRUNED
286,0.0,2026-06-20 21:44:40.592490,2026-06-20 21:44:40.859177,0 days 00:00:00.266687,,,,,,,,,,,,,SVR,,,,9,,,,0.7143725414878408,LinearSVC,,,,0.020053125991545222,,10.05058508209954,scale,rbf,,,,,,,,,,,,,,,,,,,,,,,,,,,,,,,,,,,,,,,,,,,,,,SVR,"{'mode': 'proxy', 'type': 'LinearSVC', 'C': 0.7143725414878408, 'epsilon': 10.05058508209954}",9,"['l1_T6W30', 'l2_T6W30', 'l3_T6W30', 'lcc_T6W30', 'lsc_T6W30', 'atd_T6W30', 'density_T6W30', 'diameter_T6W30', 'asp_T6W30']",,,,,,,,,,,,,,,pruned,True,PRUNED
287,1.2991309245693408,2026-06-20 21:44:40.874688,2026-06-20 21:44:47.546946,0 days 00:00:06.672258,,6.0,2.0,,,,,,,,,,DecisionTreeRegressor,,,,9,,,,,,,,,,,,,,False,-0.23691516575562974,-0.21383710552387783,398.0,-0.22537613563975378,0.01153903011587596,0.11724247615533553,1.9659423239762661,1.2861581577404357,1.3121036913982458,398.0,1.2991309245693408,0.01297276682890508,0.13180997799061306,1.9659423239762661,368453617200343.1,430987936379889.4,398.0,399720776790116.25,31267159589773.13,317690410358268.0,1.9659423239762661,4.357054461719509,4.540506555134476,398.0,4.448780508426992,0.09172604670748391,0.9319837747133737,1.9659423239762661,1.0641388522802433,1.0921787940712953,398.0,1.0781588231757693,0.014019970895525919,0.14245010949019565,1.9659423239762661,399.0,0.9799498746867168,-0.5043486654641396,-0.44836374394697487,398.0,-0.47635620470555723,0.027992460758582367,0.284417787288886,1.9659423239762661,DecisionTreeRegressor,"{'mode': 'original', 'type': 'DecisionTreeRegressor'}",9,"['edges_T6W30', 'pe_T6W30', 'l2_T6W30', 'l3_T6W30', 'lsc_T6W30', 'atd_T6W30', 'density_T6W30', 'diameter_T6W30', 'asp_T6W30']",0.020350239736973093,0.04735549984543274,398.0,0.033852869791202916,0.013502630054229825,0.13719366066904323,1.9659423239762661,1.655260616368614,1.6889990477894514,398.0,1.6721298320790328,0.01686921571041868,0.17139990110319892,1.9659423239762661,completed,False,COMPLETE
288,0.0,2026-06-20 21:44:47.565754,2026-06-20 21:44:47.992898,0 days 00:00:00.427144,,,,,,,,,,,,,SVR,,,,10,5.0,7.0,80.0,,ExtraTrees,,,,0.014290119250374123,,14.236593317007701,scale,rbf,,,,,,,,,,,,,,,,,,,,,,,,,,,,,,,,,,,,,,,,,,,,,,SVR,"{'mode': 'proxy', 'type': 'ExtraTrees', 'n_estimators': 80, 'max_depth': 5, 'min_samples_split': 7}",10,"['nodes_T6W30', 'edges_T6W30', 're_T6W30', 'pe_T6W30', 'l1_T6W30', 'l2_T6W30', 'lsc_T6W30', 'atd_T6W30', 'density_T6W30', 'diameter_T6W30']",,,,,,,,,,,,,,,pruned,True,PRUNED
289,-0.028353196779814117,2026-06-20 21:44:48.003631,2026-06-20 21:44:49.032498,0 days 00:00:01.028867,,,,,,,,,,,,,StackingRegressor,,,,9,4.0,7.0,90.0,,ExtraTrees,,,Ridge,,,,,,True,,,,,,,,,,,,,,,,,,,,,,,,,,,,,,,,,,,,,,,,,,,,,StackingRegressor,"{'mode': 'proxy', 'type': 'ExtraTrees', 'n_estimators': 90, 'max_depth': 4, 'min_samples_split': 7}",9,"['nodes_T6W30', 'edges_T6W30', 're_T6W30', 'pe_T6W30', 'l1_T6W30', 'l2_T6W30', 'lsc_T6W30', 'atd_T6W30', 'density_T6W30']",,,,,,,,,,,,,,,pruned,True,PRUNED
290,0.0,2026-06-20 21:44:49.043497,2026-06-20 21:44:49.524187,0 days 00:00:00.480690,,,,,,,,,,,,,SVR,,,,9,5.0,7.0,80.0,,ExtraTrees,,,,0.05088552441587561,,4.29498328503742,scale,rbf,,,,,,,,,,,,,,,,,,,,,,,,,,,,,,,,,,,,,,,,,,,,,,SVR,"{'mode': 'proxy', 'type': 'ExtraTrees', 'n_estimators': 80, 'max_depth': 5, 'min_samples_split': 7}",9,"['nodes_T6W30', 'edges_T6W30', 're_T6W30', 'pe_T6W30', 'l2_T6W30', 'lsc_T6W30', 'atd_T6W30', 'density_T6W30', 'diameter_T6W30']",,,,,,,,,,,,,,,pruned,True,PRUNED
291,1.1164779341529871,2026-06-20 21:44:49.534625,2026-06-20 21:46:12.410187,0 days 00:01:22.875562,,,,,,,,,,,,,RandomForestRegressor,4.0,3.0,199.0,10,,,,,,,,,,,,,,False,-0.056587243637851684,-0.048648879547671844,398.0,-0.052618061592761764,0.003969182045089922,0.04032892943379883,1.9659423239762661,1.1099731154181098,1.1229827528878644,398.0,1.1164779341529871,0.006504818734877218,0.06609230132516451,1.9659423239762661,359105987103006.9,413470458447671.4,398.0,386288222775339.1,27182235672332.242,276185484018922.34,1.9659423239762661,3.2977512020825044,3.374764602821644,398.0,3.336257902452074,0.03850670036956984,0.3912478652506943,1.9659423239762661,0.9754332169854988,0.9922024174955691,398.0,0.983817817240534,0.00838460025503523,0.08519184763375265,1.9659423239762661,399.0,0.706766917293233,-0.047700484486664,-0.033338525029448965,398.0,-0.040519504758056483,0.007180979728607521,0.07296244451644737,1.9659423239762661,RandomForestRegressor,"{'mode': 'original', 'type': 'RandomForestRegressor'}",10,"['nodes_T6W30', 'edges_T6W30', 'pe_T6W30', 'l1_T6W30', 'l2_T6W30', 'l3_T6W30', 'lsc_T6W30', 'atd_T6W30', 'diameter_T6W30', 'asp_T6W30']",0.0634288349758661,0.08716255058877989,398.0,0.075295692782323,0.01186685780645689,0.12057337396997181,1.9659423239762661,1.4015884657150561,1.4179269781620767,398.0,1.4097577219385664,0.008169256223510345,0.08300384160311466,1.9659423239762661,completed,False,COMPLETE
292,0.0,2026-06-20 21:46:12.433887,2026-06-20 21:46:12.880543,0 days 00:00:00.446656,,,,,,,,,,,,,SVR,,,,9,6.0,7.0,70.0,,ExtraTrees,,,,0.002094053459631001,,3.2260565306295708,scale,rbf,,,,,,,,,,,,,,,,,,,,,,,,,,,,,,,,,,,,,,,,,,,,,,SVR,"{'mode': 'proxy', 'type': 'ExtraTrees', 'n_estimators': 70, 'max_depth': 6, 'min_samples_split': 7}",9,"['nodes_T6W30', 'edges_T6W30', 're_T6W30', 'pe_T6W30', 'l1_T6W30', 'l2_T6W30', 'lsc_T6W30', 'atd_T6W30', 'density_T6W30']",,,,,,,,,,,,,,,pruned,True,PRUNED
293,0.0,2026-06-20 21:46:12.891308,2026-06-20 21:46:13.393513,0 days 00:00:00.502205,,,,,,,,,,,,,SVR,,,,9,5.0,6.0,80.0,,ExtraTrees,,,,0.030314358944983553,,6.814967684974553,auto,rbf,,,,,,,,,,,,,,,,,,,,,,,,,,,,,,,,,,,,,,,,,,,,,,SVR,"{'mode': 'proxy', 'type': 'ExtraTrees', 'n_estimators': 80, 'max_depth': 5, 'min_samples_split': 6}",9,"['nodes_T6W30', 'edges_T6W30', 're_T6W30', 'pe_T6W30', 'l2_T6W30', 'lsc_T6W30', 'atd_T6W30', 'density_T6W30', 'diameter_T6W30']",,,,,,,,,,,,,,,pruned,True,PRUNED
294,0.0,2026-06-20 21:46:13.405127,2026-06-20 21:46:13.940681,0 days 00:00:00.535554,,,,,,,,,,,,,SVR,,,,8,5.0,7.0,80.0,,ExtraTrees,,,,0.021772704071610603,,5.678619994493974,scale,rbf,,,,,,,,,,,,,,,,,,,,,,,,,,,,,,,,,,,,,,,,,,,,,,SVR,"{'mode': 'proxy', 'type': 'ExtraTrees', 'n_estimators': 80, 'max_depth': 5, 'min_samples_split': 7}",8,"['nodes_T6W30', 'edges_T6W30', 're_T6W30', 'pe_T6W30', 'l2_T6W30', 'lsc_T6W30', 'atd_T6W30', 'density_T6W30']",,,,,,,,,,,,,,,pruned,True,PRUNED
295,0.0,2026-06-20 21:46:13.951406,2026-06-20 21:46:14.429788,0 days 00:00:00.478382,,,,,,,,,,,,,SVR,,,,10,5.0,7.0,80.0,,ExtraTrees,,,,0.06381578556231285,,10.751377289193774,scale,rbf,,,,,,,,,,,,,,,,,,,,,,,,,,,,,,,,,,,,,,,,,,,,,,SVR,"{'mode': 'proxy', 'type': 'ExtraTrees', 'n_estimators': 80, 'max_depth': 5, 'min_samples_split': 7}",10,"['nodes_T6W30', 'edges_T6W30', 're_T6W30', 'pe_T6W30', 'l1_T6W30', 'l2_T6W30', 'lsc_T6W30', 'atd_T6W30', 'density_T6W30', 'diameter_T6W30']",,,,,,,,,,,,,,,pruned,True,PRUNED
296,0.0,2026-06-20 21:46:14.440316,2026-06-20 21:46:14.957610,0 days 00:00:00.517294,,,,,,,,,,,,,SVR,,,,9,5.0,7.0,90.0,,ExtraTrees,,,,0.00961157486696716,,8.224875393718593,scale,rbf,,,,,,,,,,,,,,,,,,,,,,,,,,,,,,,,,,,,,,,,,,,,,,SVR,"{'mode': 'proxy', 'type': 'ExtraTrees', 'n_estimators': 90, 'max_depth': 5, 'min_samples_split': 7}",9,"['nodes_T6W30', 'edges_T6W30', 're_T6W30', 'pe_T6W30', 'l2_T6W30', 'lsc_T6W30', 'atd_T6W30', 'density_T6W30', 'diameter_T6W30']",,,,,,,,,,,,,,,pruned,True,PRUNED
297,1.1095899393497193,2026-06-20 21:46:14.968196,2026-06-20 21:47:36.687006,0 days 00:01:21.718810,,,,,,7.0,7.0,352.0,,,,,ExtraTreesRegressor,,,,9,,,,,,,,,,,,,,True,-0.05067944457924124,-0.041479619792928024,398.0,-0.04607953218608463,0.004599912393156612,0.04673747391726572,1.9659423239762661,1.1025800948197682,1.1165997838796704,398.0,1.1095899393497193,0.007009844529951146,0.07122362294770883,1.9659423239762661,342750719864880.0,394520285095337.5,398.0,368635502480108.75,25884782615228.754,263002694167214.3,1.9659423239762661,3.3514769564869646,3.422775750340698,398.0,3.3871263534138314,0.03564939692686681,0.362216193837621,1.9659423239762661,0.9493466810102305,0.967957562632981,398.0,0.9586521218216058,0.00930544081137533,0.09454806092771323,1.9659423239762661,399.0,0.6165413533834586,-0.04732821109176047,-0.030106109666149714,398.0,-0.03871716037895509,0.008611050712805376,0.08749270066289529,1.9659423239762661,ExtraTreesRegressor,"{'mode': 'original', 'type': 'ExtraTreesRegressor'}",9,"['nodes_T6W30', 'edges_T6W30', 're_T6W30', 'pe_T6W30', 'l1_T6W30', 'l2_T6W30', 'lsc_T6W30', 'density_T6W30', 'asp_T6W30']",0.08853928490223514,0.11389817284966658,398.0,0.10121872887595086,0.012679443973715718,0.12882966703639875,1.9659423239762661,1.3995379720239882,1.416405594728878,398.0,1.4079717833764331,0.00843381135244499,0.08569185767417223,1.9659423239762661,completed,True,COMPLETE
298,-0.050973137735185296,2026-06-20 21:47:36.706035,2026-06-20 21:47:37.136326,0 days 00:00:00.430291,,,,,,,,,,,,,SVR,,,,11,5.0,7.0,80.0,,ExtraTrees,,,,0.21793698380376653,,1.382014436190044,scale,rbf,,,,,,,,,,,,,,,,,,,,,,,,,,,,,,,,,,,,,,,,,,,,,,SVR,"{'mode': 'proxy', 'type': 'ExtraTrees', 'n_estimators': 80, 'max_depth': 5, 'min_samples_split': 7}",11,"['nodes_T6W30', 'edges_T6W30', 're_T6W30', 'pe_T6W30', 'l1_T6W30', 'l2_T6W30', 'lsc_T6W30', 'atd_T6W30', 'density_T6W30', 'diameter_T6W30', 'asp_T6W30']",,,,,,,,,,,,,,,pruned,True,PRUNED
299,0.0,2026-06-20 21:47:37.147818,2026-06-20 21:47:37.561340,0 days 00:00:00.413522,,,,,,,,,,,,,SVR,,,,10,4.0,4.0,80.0,,ExtraTrees,,,,0.015500565525663791,,13.200654789664561,scale,rbf,,,,,,,,,,,,,,,,,,,,,,,,,,,,,,,,,,,,,,,,,,,,,,SVR,"{'mode': 'proxy', 'type': 'ExtraTrees', 'n_estimators': 80, 'max_depth': 4, 'min_samples_split': 4}",10,"['nodes_T6W30', 'edges_T6W30', 're_T6W30', 'pe_T6W30', 'l1_T6W30', 'l2_T6W30', 'lsc_T6W30', 'atd_T6W30', 'density_T6W30', 'diameter_T6W30']",,,,,,,,,,,,,,,pruned,True,PRUNED
